#size		cycles		temp		<E>		<C_v>		<|M|>		<chi>
20		100000		2.00		-698.287040	294.246682	364.487780	155.669375
20		100000		2.00		-697.593560	290.650390	364.207020	164.214297
20		100000		2.00		-697.298720	290.358934	364.047960	157.336257
20		100000		2.01		-696.527080	292.657448	363.725680	156.773534
20		100000		2.01		-696.650800	287.907766	363.966740	152.605684
20		100000		2.01		-695.643720	296.171903	363.351800	160.153869
20		100000		2.01		-694.410240	300.596348	362.604180	192.494576
20		100000		2.01		-693.103120	306.936905	362.019140	188.430940
20		100000		2.02		-693.380480	300.783306	362.358960	168.900292
20		100000		2.02		-693.335800	304.946767	362.300000	177.752864
20		100000		2.02		-691.774880	309.156093	361.646280	175.406773
20		100000		2.02		-691.783880	304.492133	361.539440	184.075986
20		100000		2.02		-692.188440	302.194421	361.899160	172.218059
20		100000		2.03		-690.405000	306.774765	361.021460	176.101017
20		100000		2.03		-689.701240	315.256474	360.562600	187.031184
20		100000		2.03		-689.372200	311.162811	360.564360	181.162708
20		100000		2.03		-688.981560	310.046786	360.370760	182.895304
20		100000		2.03		-687.711280	317.212501	359.433820	207.290010
20		100000		2.04		-686.627480	321.973328	359.026180	206.795420
20		100000		2.04		-685.940560	329.593423	358.548320	225.559836
20		100000		2.04		-686.049560	329.004331	358.528120	230.196103
20		100000		2.04		-685.466280	324.660202	358.478360	212.869957
20		100000		2.04		-684.214560	332.826095	357.791700	225.187285
20		100000		2.05		-684.129440	329.556898	357.622080	273.668063
20		100000		2.05		-684.265160	326.743987	357.865360	237.074469
20		100000		2.05		-682.945520	328.943722	357.316680	213.687587
20		100000		2.05		-681.530280	334.761428	356.441920	240.557693
20		100000		2.05		-681.233440	334.170139	356.475600	223.438503
20		100000		2.06		-681.615080	332.368922	356.791800	223.322419
20		100000		2.06		-680.875160	324.451512	356.464220	221.032332
20		100000		2.06		-678.947400	350.747336	355.025840	283.055870
20		100000		2.06		-678.528160	341.976292	355.055720	239.665032
20		100000		2.06		-677.667360	348.426644	354.840500	244.251938
20		100000		2.07		-676.382080	351.724049	353.685520	280.345974
20		100000		2.07		-676.417880	342.918699	354.221440	233.146308
20		100000		2.07		-676.394200	343.864932	354.153020	249.248804
20		100000		2.07		-674.933440	359.892604	352.811240	306.295120
20		100000		2.07		-674.398920	358.331452	352.943580	274.636845
20		100000		2.08		-673.217120	361.932773	351.995280	290.797253
20		100000		2.08		-672.543760	367.504255	351.515560	311.794012
20		100000		2.08		-672.652200	355.409781	351.933460	305.814775
20		100000		2.08		-672.433560	360.779756	351.520240	347.902704
20		100000		2.08		-671.216680	356.740288	351.501100	278.021237
20		100000		2.09		-670.043600	372.352711	350.521620	339.735739
20		100000		2.09		-669.483240	364.456959	350.338380	306.858668
20		100000		2.09		-667.979440	370.265126	349.494680	302.019221
20		100000		2.09		-667.949240	381.278727	349.398780	318.390026
20		100000		2.09		-666.744760	388.236014	348.139480	436.843164
20		100000		2.10		-666.593160	378.075688	348.546460	362.368045
20		100000		2.10		-664.844040	380.200253	347.567660	359.226464
20		100000		2.10		-664.339320	386.445692	347.233440	367.392908
20		100000		2.10		-663.113760	408.135177	345.656040	480.498807
20		100000		2.10		-663.241760	387.188795	346.769780	370.448269
20		100000		2.11		-663.158720	380.827737	347.011180	342.205677
20		100000		2.11		-661.845840	392.754717	345.915600	372.269524
20		100000		2.11		-661.836960	385.622456	346.096600	397.242592
20		100000		2.11		-660.169680	401.507406	344.901300	406.802016
20		100000		2.11		-659.303480	405.256586	344.283840	422.110234
20		100000		2.12		-658.888480	390.526916	344.647320	371.378647
20		100000		2.12		-658.204600	394.701519	343.930060	388.456784
20		100000		2.12		-657.346640	400.324457	343.377660	400.632270
20		100000		2.12		-656.101440	395.079835	343.048300	375.860804
20		100000		2.12		-655.573680	415.936604	341.905680	474.817506
20		100000		2.13		-654.083040	417.390810	340.686900	537.083710
20		100000		2.13		-653.206920	435.917975	339.937720	580.065508
20		100000		2.13		-653.228040	421.948431	340.804400	513.220348
20		100000		2.13		-651.884800	440.226445	338.851780	688.674724
20		100000		2.13		-650.448720	438.076769	338.650560	596.379218
20		100000		2.14		-650.571320	428.683807	338.872100	515.290506
20		100000		2.14		-649.175240	435.096562	338.012100	543.282682
20		100000		2.14		-648.269360	440.360993	337.223940	598.367220
20		100000		2.14		-647.251800	446.660380	336.139340	701.771309
20		100000		2.14		-647.453760	434.587016	337.302540	559.834510
20		100000		2.15		-646.527720	436.099480	336.699900	562.809627
20		100000		2.15		-644.050440	451.257698	333.811460	721.556617
20		100000		2.15		-644.026480	447.034622	334.918560	561.697120
20		100000		2.15		-643.331760	442.942369	334.468720	575.085530
20		100000		2.15		-642.249920	472.897966	332.471000	809.424958
20		100000		2.16		-641.060040	472.907568	331.716020	820.476120
20		100000		2.16		-640.693880	462.181140	332.446060	736.235009
20		100000		2.16		-639.262520	462.797111	331.504100	713.571539
20		100000		2.16		-638.017440	476.771280	329.208200	944.157453
20		100000		2.16		-638.897360	457.089840	331.313700	747.857852
20		100000		2.17		-637.786840	471.052044	330.776820	742.555619
20		100000		2.17		-635.443560	484.067001	328.456980	788.324174
20		100000		2.17		-634.222320	483.710254	327.451360	853.909988
20		100000		2.17		-635.570880	464.519571	329.275080	726.462141
20		100000		2.17		-631.901360	498.464641	325.290320	985.698967
20		100000		2.18		-630.450720	515.503431	323.393360	1103.333561
20		100000		2.18		-630.932960	497.879029	324.847080	990.348786
20		100000		2.18		-629.377200	503.703451	323.974720	937.954716
20		100000		2.18		-627.821960	523.498128	321.451680	1214.696235
20		100000		2.18		-627.308560	510.920646	322.581080	990.197228
20		100000		2.19		-628.407640	498.762078	323.426120	973.569342
20		100000		2.19		-624.517560	518.733087	319.246920	1203.997546
20		100000		2.19		-623.321720	535.248610	317.985260	1269.088832
20		100000		2.19		-624.402080	510.223959	320.448700	1027.793097
20		100000		2.19		-622.211360	527.519232	318.161840	1149.033677
20		100000		2.20		-620.863120	534.649052	316.774320	1236.556406
20		100000		2.20		-621.563000	505.797311	318.781120	995.447430
20		100000		2.20		-617.857400	554.487171	313.776600	1371.267678
20		100000		2.20		-620.459880	524.092925	318.001520	1075.117601
20		100000		2.20		-617.168560	549.237171	314.697940	1244.218348
20		100000		2.21		-617.061560	544.899859	314.296820	1294.260897
20		100000		2.21		-613.498320	557.612601	311.166920	1289.095497
20		100000		2.21		-614.328800	548.713427	311.557180	1330.432014
20		100000		2.21		-613.208560	545.001983	311.735700	1312.167643
20		100000		2.21		-611.081520	561.629491	309.018820	1417.260870
20		100000		2.22		-610.841040	562.648512	308.176840	1518.114913
20		100000		2.22		-609.360960	569.217857	307.368020	1477.730460
20		100000		2.22		-608.842120	562.518520	307.381560	1459.755537
20		100000		2.22		-605.689560	592.367194	302.276340	1876.632690
20		100000		2.22		-603.402520	614.735646	298.958280	2157.728966
20		100000		2.23		-605.222040	580.786099	304.170900	1539.221614
20		100000		2.23		-604.366600	569.404608	304.187380	1440.966772
20		100000		2.23		-602.029520	584.677128	299.974220	1811.567110
20		100000		2.23		-600.241320	600.010760	298.899240	1834.133014
20		100000		2.23		-600.397480	582.280859	300.653000	1589.133103
20		100000		2.24		-600.260440	579.449345	301.024680	1561.999978
20		100000		2.24		-597.784320	591.186701	297.130380	1810.851958
20		100000		2.24		-595.137440	609.966325	293.779240	1967.087243
20		100000		2.24		-594.913400	612.074176	294.060660	1930.989028
20		100000		2.24		-596.049760	595.500412	297.461620	1660.916554
20		100000		2.25		-591.567120	633.718227	290.523060	2038.655551
20		100000		2.25		-593.465200	590.873040	295.069700	1768.962145
20		100000		2.25		-590.163040	621.461361	289.681080	1996.344591
20		100000		2.25		-589.086320	637.585519	287.431560	2264.984829
20		100000		2.25		-586.514520	620.808798	285.510020	2174.711428
20		100000		2.26		-586.944160	625.436048	287.349480	2095.662103
20		100000		2.26		-583.778480	622.711095	282.450720	2323.049731
20		100000		2.26		-582.540880	650.353123	280.350780	2506.857502
20		100000		2.26		-582.161000	639.720379	280.572400	2424.606843
20		100000		2.26		-579.355680	656.423021	277.032080	2557.004280
20		100000		2.27		-580.621960	633.813183	280.952640	2257.233397
20		100000		2.27		-579.409480	642.783969	278.838920	2359.624045
20		100000		2.27		-578.487640	637.761441	279.477460	2276.758181
20		100000		2.27		-575.515120	657.955037	274.554300	2572.093482
20		100000		2.27		-576.827200	636.103538	277.744920	2334.952390
20		100000		2.28		-573.552240	643.273123	273.566640	2469.822337
20		100000		2.28		-574.388840	647.898586	274.181460	2563.671603
20		100000		2.28		-571.797240	653.214899	271.627480	2593.859732
20		100000		2.28		-568.884040	667.194205	266.901620	2822.128940
20		100000		2.28		-570.651840	621.194034	270.801360	2515.510360
20		100000		2.29		-567.730080	656.494441	267.029480	2708.596330
20		100000		2.29		-566.734720	657.503917	265.492840	2770.832058
20		100000		2.29		-564.893240	635.713225	264.680100	2628.145949
20		100000		2.29		-563.933880	644.513512	264.358840	2627.252231
20		100000		2.29		-561.506320	649.583478	259.696960	2852.991564
20		100000		2.30		-557.101360	688.262598	252.499640	3192.211376
20		100000		2.30		-558.931280	664.846262	256.069400	3045.157243
20		100000		2.30		-559.220280	651.200642	258.154060	2896.602428
20		100000		2.30		-558.765320	649.794415	259.919380	2758.000704
20		100000		2.30		-551.004560	683.892954	244.899320	3361.047059
20		100000		2.31		-555.199800	660.753252	253.516160	3038.674891
20		100000		2.31		-555.227800	652.103607	254.445280	2908.117247
20		100000		2.31		-549.080040	658.163871	244.498360	3211.060241
20		100000		2.31		-549.515280	673.111060	246.209140	3233.955562
20		100000		2.31		-547.933720	660.714363	244.063320	3225.660082
20		100000		2.32		-545.701680	662.204080	240.537680	3377.851649
20		100000		2.32		-546.327840	673.073653	243.759480	3238.987261
20		100000		2.32		-546.778840	663.997170	244.975580	3186.674433
20		100000		2.32		-543.448400	652.341446	239.042180	3326.448467
20		100000		2.32		-543.273680	650.928539	241.117180	3139.751200
20		100000		2.33		-538.993400	656.113935	234.606140	3278.911846
20		100000		2.33		-538.933800	674.396680	233.496540	3522.013612
20		100000		2.33		-535.820920	669.645212	228.315440	3590.655012
20		100000		2.33		-538.796920	663.433790	235.352440	3286.324471
20		100000		2.33		-535.863000	662.370449	230.346640	3482.124182
20		100000		2.34		-535.010440	647.847592	231.477020	3305.719029
20		100000		2.34		-533.379440	650.778214	228.516880	3489.053531
20		100000		2.34		-531.829880	655.133556	226.122600	3541.167867
20		100000		2.34		-531.273640	644.844182	225.741000	3418.212724
20		100000		2.34		-526.506800	642.785959	218.269380	3581.577489
20		100000		2.35		-528.435720	652.634036	222.339360	3519.372803
20		100000		2.35		-528.066800	648.890878	221.810560	3556.897595
20		100000		2.35		-525.062240	624.780510	219.123900	3402.470812
20		100000		2.35		-524.475400	639.197801	218.077840	3513.580111
20		100000		2.35		-521.494680	630.974045	215.493120	3451.380303
20		100000		2.36		-520.664640	635.950003	211.828700	3578.540533
20		100000		2.36		-520.445200	630.413613	214.215880	3498.607649
20		100000		2.36		-519.527720	614.273397	210.503980	3553.873273
20		100000		2.36		-518.532440	623.957801	210.791040	3562.171590
20		100000		2.36		-517.617760	634.885746	211.372020	3466.452522
20		100000		2.37		-515.721880	625.458051	207.120540	3640.229429
20		100000		2.37		-510.859360	596.994224	200.189880	3535.673254
20		100000		2.37		-512.462280	618.396663	201.608880	3720.173293
20		100000		2.37		-512.875360	618.486357	204.596920	3575.032920
20		100000		2.37		-510.620920	606.253292	201.320880	3530.564783
20		100000		2.38		-508.645600	600.640269	197.993880	3582.651836
20		100000		2.38		-506.383120	592.178870	195.610360	3548.948604
20		100000		2.38		-508.949240	606.305752	201.445660	3507.427675
20		100000		2.38		-503.985560	600.668509	190.780760	3714.957588
20		100000		2.38		-503.737280	589.678072	191.573220	3583.578347
20		100000		2.39		-502.522600	594.395754	189.444120	3735.052019
20		100000		2.39		-500.323280	586.412768	186.420920	3708.619643
20		100000		2.39		-499.662240	580.751261	186.929860	3612.375515
20		100000		2.39		-498.782440	574.136969	184.172280	3636.072709
20		100000		2.39		-497.589640	570.203273	183.648260	3577.219515
20		100000		2.40		-497.148000	572.710419	184.990360	3486.472616
20		100000		2.40		-494.433360	565.479524	178.571380	3590.708476
20		100000		2.40		-493.817160	571.899141	178.231880	3637.375630
