#size		cycles		temp		<E>		<C_v>		<|M|>		<chi>
20		100000		1.000		-798.875680	9.250465	399.713340	-159371.040834
20		100000		1.025		-798.605120	11.545510	399.643560	-159315.331489
20		100000		1.050		-798.286920	14.110957	399.560460	-159249.000735
20		100000		1.075		-797.971040	16.867321	399.478960	-159183.960523
20		100000		1.100		-797.630040	19.880730	399.389040	-159112.216232
20		100000		1.125		-797.194840	23.420517	399.276160	-159022.175784
20		100000		1.150		-796.586320	28.600229	399.115600	-158894.146563
20		100000		1.175		-796.056720	33.109103	398.974300	-158781.517760
20		100000		1.200		-795.415160	39.027082	398.803160	-158645.157266
20		100000		1.225		-794.684120	45.628940	398.610540	-158491.752059
20		100000		1.250		-793.960400	52.088032	398.413220	-158334.680651
20		100000		1.275		-793.115080	58.290837	398.186100	-158153.984133
20		100000		1.300		-792.092280	68.021084	397.905640	-157930.992704
20		100000		1.325		-791.073920	77.832936	397.623460	-157706.792482
20		100000		1.350		-789.898040	88.894884	397.298700	-157448.958322
20		100000		1.375		-788.578120	99.759377	396.931640	-157157.795193
20		100000		1.400		-787.233480	111.758207	396.554440	-156858.869444
20		100000		1.425		-785.911720	125.851727	396.181100	-156563.282897
20		100000		1.450		-784.140320	142.127190	395.673460	-156161.813488
20		100000		1.475		-782.376640	159.441822	395.169960	-155764.127326
20		100000		1.500		-780.382560	177.528528	394.580200	-155298.954032
20		100000		1.525		-778.393000	199.018031	393.988080	-154832.619102
20		100000		1.550		-776.222760	219.056458	393.355560	-154335.241023
20		100000		1.575		-773.708840	244.938586	392.585840	-153731.055929
20		100000		1.600		-771.419760	266.255642	391.895100	-153189.874304
20		100000		1.625		-768.487160	299.325395	390.972580	-152468.585732
20		100000		1.650		-765.730160	323.195986	390.108760	-151794.735869
20		100000		1.675		-762.370880	361.098608	389.051620	-150972.111405
20		100000		1.700		-759.116440	398.034842	387.984700	-150144.142734
20		100000		1.725		-755.849960	430.510128	386.897800	-149303.009845
20		100000		1.750		-752.069680	472.102985	385.680160	-148363.505658
20		100000		1.775		-748.014040	518.102683	384.232560	-147250.427604
20		100000		1.800		-743.818640	569.660549	382.741180	-146108.069688
20		100000		1.825		-739.266560	623.365106	381.149300	-144893.639590
20		100000		1.850		-734.580240	673.018202	379.455160	-143606.763291
20		100000		1.875		-729.221560	744.331631	377.455440	-142095.153746
20		100000		1.900		-723.358360	818.878058	375.082680	-140311.934156
20		100000		1.925		-718.278960	882.780421	373.115860	-138842.329124
20		100000		1.950		-711.890600	975.625632	370.475460	-136881.591002
20		100000		1.975		-705.105360	1076.916419	367.474060	-134669.710713
20		100000		2.000		-698.312720	1167.207486	364.566720	-132544.326612
20		100000		2.025		-690.683920	1303.121693	360.516680	-13505.290010
20		100000		2.050		-683.147960	1392.274828	357.356620	-127346.397238
20		100000		2.075		-673.372480	1575.295499	351.790180	-123404.540564
20		100000		2.100		-664.425520	1726.652213	346.821080	-12016.821993
20		100000		2.125		-653.227080	1962.588515	339.250520	-114751.664800
20		100000		2.150		-643.164680	2121.602560	332.999860	-40072.349897
20		100000		2.175		-632.620880	2270.002988	326.998840	-17669.202196
20		100000		2.200		-618.193240	2611.398498	314.870460	-16359.753588
20		100000		2.225		-604.785920	2871.430650	303.735400	171.299495
20		100000		2.250		-591.023040	3152.281389	289.873240	-703.642203
20		100000		2.275		-575.228320	3369.188830	274.461480	93.497643
20		100000		2.300		-558.436480	3463.329165	257.278200	48.649064
20		100000		2.325		-540.485480	3565.340469	235.142940	24.366551
20		100000		2.350		-524.236400	3522.356915	217.734640	215.996250
20		100000		2.375		-510.120480	3461.391245	199.791560	146.719752
20		100000		2.400		-492.659440	3196.087699	175.525120	174.999669
20		100000		2.425		-482.268760	3041.645848	167.042900	-77.320901
20		100000		2.450		-470.286240	2930.618547	153.908020	148.724475
20		100000		2.475		-456.450240	2645.144484	136.907880	122.988414
20		100000		2.500		-447.870960	2535.100469	130.696720	124.504386
20		100000		2.525		-436.880520	2327.195725	116.024420	109.235790
20		100000		2.550		-428.944920	2205.972566	110.898060	105.736349
20		100000		2.575		-420.700560	2124.961376	104.198900	85.046198
20		100000		2.600		-413.488760	2056.228554	99.096720	81.372620
20		100000		2.625		-405.464520	1962.692781	92.726000	90.494442
20		100000		2.650		-398.807520	1923.341191	88.213480	86.726446
20		100000		2.675		-393.164520	1850.629973	84.467380	83.621532
20		100000		2.700		-386.257520	1781.787763	80.486260	68.790270
20		100000		2.725		-380.158200	1749.183773	76.653480	50.979802
20		100000		2.750		-374.156680	1685.601371	72.729660	69.096595
20		100000		2.775		-368.840120	1638.137558	71.311500	71.263460
20		100000		2.800		-363.073040	1634.858505	67.212780	66.415081
20		100000		2.825		-358.096080	1588.305969	66.219620	66.194129
20		100000		2.850		-353.710120	1574.356930	64.524260	60.260283
20		100000		2.875		-348.918840	1577.988533	62.524840	62.450355
20		100000		2.900		-343.653800	1513.957426	59.275620	58.511010
20		100000		2.925		-339.675440	1501.388421	59.285540	56.801323
20		100000		2.950		-335.115160	1487.208258	57.923660	55.135228
20		100000		2.975		-331.101320	1488.052054	56.159080	55.950377
20		100000		3.000		-326.712840	1436.206739	54.488200	53.098536
20		100000		3.025		-322.871160	1429.265080	53.626100	53.221629
20		100000		3.050		-318.914280	1406.948412	52.281120	51.272863
20		100000		3.075		-315.425920	1406.222112	51.549980	51.452424
20		100000		3.100		-311.725840	1372.431076	49.458480	48.356400
20		100000		3.125		-308.227960	1367.875234	49.286460	47.296837
20		100000		3.150		-304.844440	1353.461161	48.782460	48.603920
20		100000		3.175		-301.300520	1353.180488	47.062600	46.443357
20		100000		3.200		-298.055080	1330.059686	46.773380	46.353450
20		100000		3.225		-295.140880	1311.825113	45.856260	41.227308
20		100000		3.250		-292.276840	1305.744320	45.235500	45.232415
20		100000		3.275		-288.824600	1294.096835	44.506000	44.449165
20		100000		3.300		-285.807600	1289.497062	44.049500	44.049469
20		100000		3.325		-282.791280	1272.292596	43.565980	43.469843
20		100000		3.350		-279.858960	1262.394508	42.756580	42.219789
20		100000		3.375		-277.053080	1256.616943	42.284240	42.240893
20		100000		3.400		-274.563760	1252.087295	41.322440	40.622072
20		100000		3.425		-271.640440	1235.569437	40.901980	40.896747
20		100000		3.450		-269.067200	1234.926044	40.832500	39.477837
20		100000		3.475		-266.278800	1216.845791	39.975940	39.905322
20		100000		3.500		-264.133400	1226.084124	40.140480	40.081489
20		100000		3.525		-261.742200	1204.453219	39.174960	38.877848
20		100000		3.550		-259.278400	1199.083453	38.727380	38.715755
20		100000		3.575		-256.592000	1184.577856	38.065920	37.776777
20		100000		3.600		-254.435360	1182.514462	38.105460	38.039092
20		100000		3.625		-252.635680	1176.721671	37.761780	37.712363
20		100000		3.650		-250.001280	1176.471998	37.284060	36.990794
20		100000		3.675		-247.716880	1159.678243	37.031860	36.973248
20		100000		3.700		-245.752080	1162.907176	36.429300	36.277434
20		100000		3.725		-243.286560	1147.101563	36.070740	36.018088
20		100000		3.750		-241.719120	1156.039186	36.008900	35.907611
20		100000		3.775		-239.552440	1154.608490	35.419400	35.406820
20		100000		3.800		-237.750760	1136.837079	35.282640	35.193669
20		100000		3.825		-235.866400	1131.495111	35.335860	35.304382
20		100000		3.850		-233.819800	1127.103208	34.564580	34.453651
20		100000		3.875		-231.862480	1115.955808	34.655060	34.653069
20		100000		3.900		-229.917480	1114.715750	34.232040	34.231674
20		100000		3.925		-228.226080	1106.178328	33.810860	33.736255
20		100000		3.950		-226.174360	1091.704639	33.306220	33.291027
20		100000		3.975		-224.685320	1098.614016	33.277240	33.275775
20		100000		4.000		-222.668320	1093.821828	33.111120	32.984839
20		100000		4.025		-221.281240	1094.073144	32.819700	32.814836
20		100000		4.050		-219.532680	1086.806732	32.447580	32.374626
20		100000		4.075		-217.836520	1076.622234	32.408640	32.312118
20		100000		4.100		-216.258800	1074.592863	32.249020	32.244507
20		100000		4.125		-214.625000	1069.459295	32.064680	32.062557
20		100000		4.150		-212.930360	1065.211390	31.877300	31.864698
20		100000		4.175		-211.593640	1070.258392	31.590460	31.321701
20		100000		4.200		-209.930520	1056.829733	31.263960	31.213515
20		100000		4.225		-208.444520	1056.966722	31.181940	31.148983
20		100000		4.250		-207.172400	1061.218758	31.167660	30.901342
20		100000		4.275		-205.359640	1047.284979	30.749440	30.725650
20		100000		4.300		-204.081000	1045.373119	30.455560	30.453992
20		100000		4.325		-202.631640	1038.962631	30.467460	30.367262
20		100000		4.350		-201.589000	1042.529319	30.257340	30.135609
20		100000		4.375		-200.161600	1037.475325	30.261040	30.242815
20		100000		4.400		-198.704680	1034.899906	30.137660	30.067085
20		100000		4.425		-197.274760	1029.080747	29.860480	29.824955
20		100000		4.450		-196.027720	1027.422112	29.361520	29.358647
20		100000		4.475		-194.942840	1017.844173	29.636420	29.578484
20		100000		4.500		-193.706040	1025.963828	29.263480	29.258769
20		100000		4.525		-192.350000	1022.060540	29.212140	29.149430
20		100000		4.550		-191.234120	1020.540628	29.080320	28.954749
20		100000		4.575		-189.676680	1012.693224	28.814140	28.554835
20		100000		4.600		-188.537880	1026.766205	28.832460	28.666599
20		100000		4.625		-187.356560	1011.181825	28.652980	28.634696
20		100000		4.650		-186.119520	1005.354355	28.675140	28.673497
20		100000		4.675		-185.214480	1014.040238	28.469960	28.412398
20		100000		4.700		-184.080360	999.010022	28.324240	28.324201
20		100000		4.725		-182.875440	994.489605	28.208420	28.204765
20		100000		4.750		-181.643400	998.744516	28.210780	28.203298
20		100000		4.775		-180.701280	993.534766	27.911740	27.760590
20		100000		4.800		-179.595120	990.305512	27.877820	27.812703
20		100000		4.825		-178.670360	988.916377	27.830920	27.822360
20		100000		4.850		-177.387320	991.382063	27.586420	27.566488
20		100000		4.875		-176.493520	989.348438	27.523220	27.512358
20		100000		4.900		-175.292920	995.304038	27.290640	27.289590
20		100000		4.925		-174.367840	988.307254	27.386280	27.188362
20		100000		4.950		-173.213320	986.595855	27.104940	27.098291
20		100000		4.975		-172.244120	973.191765	27.125740	27.115086
20		100000		5.000		-171.260280	975.419694	26.965880	26.892699
20		100000		5.025		-170.284200	975.021630	26.995320	26.995232
20		100000		5.050		-169.623640	972.897713	26.790440	26.779136
20		100000		5.075		-168.456880	967.786461	26.658220	26.658091
20		100000		5.100		-167.442040	962.902921	26.661700	26.656576
20		100000		5.125		-166.364480	967.998674	26.398860	26.363433
20		100000		5.150		-165.537240	970.835133	26.274660	26.273481
20		100000		5.175		-164.745400	957.945979	26.279620	26.279142
20		100000		5.200		-163.860240	963.377907	26.324820	26.075959
20		100000		5.225		-163.080680	959.829891	26.172880	26.043827
20		100000		5.250		-162.182760	953.611079	26.080600	26.031120
20		100000		5.275		-161.218400	958.281901	25.842900	25.796838
20		100000		5.300		-160.361360	960.486379	26.028440	26.006322
20		100000		5.325		-159.569280	957.776720	25.897600	25.894991
20		100000		5.350		-158.449720	949.220472	25.812220	25.768128
20		100000		5.375		-157.847240	953.881944	25.836300	25.804381
20		100000		5.400		-157.233080	953.466554	25.652600	25.645578
20		100000		5.425		-156.428440	948.162199	25.497900	25.489173
20		100000		5.450		-155.231440	951.276196	25.387460	25.384841
20		100000		5.475		-154.527880	948.451263	25.388460	25.388208
20		100000		5.500		-153.918520	945.253521	25.326200	25.297774
20		100000		5.525		-152.900160	939.360592	25.252720	25.244997
20		100000		5.550		-152.130800	945.986091	25.232900	25.098548
20		100000		5.575		-151.505960	934.898164	25.093180	25.083256
20		100000		5.600		-150.721800	937.743325	25.158000	25.157095
20		100000		5.625		-150.088160	942.748388	25.071240	25.069981
20		100000		5.650		-149.513000	938.741391	24.919140	24.918488
20		100000		5.675		-148.424520	933.364583	24.708240	24.701724
20		100000		5.700		-147.926240	929.252159	24.788920	24.780748
20		100000		5.725		-147.045640	935.656077	24.815860	24.794701
20		100000		5.750		-146.463280	932.127772	24.675460	24.672657
20		100000		5.775		-145.664040	934.703451	24.642540	24.383968
20		100000		5.800		-145.184360	929.417291	24.512500	24.442646
20		100000		5.825		-144.350920	921.982935	24.523540	24.326528
20		100000		5.850		-143.504640	920.941178	24.432920	24.419823
20		100000		5.875		-143.033760	924.948300	24.430980	24.422710
20		100000		5.900		-142.300720	923.260607	24.367120	24.353867
20		100000		5.925		-141.584880	920.284955	24.203780	24.203088
20		100000		5.950		-140.986320	922.215333	24.239740	24.235264
20		100000		5.975		-140.262800	912.030776	24.198700	24.174445
20		100000		6.000		-139.877800	918.130827	24.255360	24.243540
20		100000		6.025		-139.035280	911.374275	23.963320	23.961821
20		100000		6.050		-138.557480	924.389056	23.988660	23.982205
20		100000		6.075		-137.946360	917.990083	24.024440	23.982086
20		100000		6.100		-137.247200	915.680652	23.966920	23.962559
20		100000		6.125		-136.602440	915.939946	23.827820	23.827744
20		100000		6.150		-135.976160	911.811592	23.719980	23.719769
20		100000		6.175		-135.252320	906.737295	23.738600	23.732653
20		100000		6.200		-134.718760	912.400824	23.631160	23.616923
20		100000		6.225		-134.224040	905.531886	23.675100	23.638059
20		100000		6.250		-133.891000	912.854679	23.612780	23.612636
20		100000		6.275		-133.061600	912.548845	23.571420	23.487656
20		100000		6.300		-132.569160	907.408697	23.504380	23.504055
20		100000		6.325		-131.858840	907.242314	23.376140	23.338527
20		100000		6.350		-131.236360	907.942134	23.468280	23.440870
20		100000		6.375		-130.826040	897.842458	23.482900	23.482898
20		100000		6.400		-130.188200	900.703141	23.365440	23.336662
20		100000		6.425		-129.647800	905.139955	23.205820	23.191559
20		100000		6.450		-129.097280	900.303497	23.233320	23.209481
20		100000		6.475		-128.653040	898.335139	23.240840	23.221004
20		100000		6.500		-128.037280	897.322450	23.132400	23.127478
20		100000		6.525		-127.414920	903.318641	23.037020	23.017280
20		100000		6.550		-126.997280	888.704953	23.062580	23.001601
20		100000		6.575		-126.657560	903.724095	23.099300	23.094973
20		100000		6.600		-126.027080	894.601827	22.984640	22.878520
20		100000		6.625		-125.377800	892.849987	22.842940	22.808515
20		100000		6.650		-125.005640	900.191088	22.980680	22.978933
20		100000		6.675		-124.345480	890.204644	22.997000	22.954035
20		100000		6.700		-123.922040	901.510562	22.796740	22.757035
20		100000		6.725		-123.634480	894.443675	22.836300	22.745374
20		100000		6.750		-122.901000	890.917479	22.834440	22.761475
20		100000		6.775		-122.550160	889.467884	22.777820	22.735178
20		100000		6.800		-122.197680	889.652443	22.700300	22.698571
20		100000		6.825		-121.560760	896.905308	22.573360	22.573347
20		100000		6.850		-121.122480	889.122439	22.578660	22.541357
20		100000		6.875		-120.635600	894.016173	22.533460	22.505068
20		100000		6.900		-120.178200	894.706325	22.574620	22.574467
20		100000		6.925		-119.658760	886.597315	22.545480	22.541651
20		100000		6.950		-119.113720	885.450188	22.410460	22.209631
20		100000		6.975		-118.710080	888.505706	22.416840	22.392641
20		100000		7.000		-118.355680	887.123732	22.418340	22.401424
20		100000		7.025		-117.894880	881.929430	22.433480	22.416911
20		100000		7.050		-117.439680	881.127001	22.486960	22.463441
20		100000		7.075		-116.920240	880.097478	22.362940	22.340971
20		100000		7.100		-116.708400	891.291769	22.372300	22.360864
20		100000		7.125		-116.095200	887.021017	22.352800	22.291474
20		100000		7.150		-115.825240	879.553939	22.292920	22.196795
20		100000		7.175		-115.121560	884.809943	22.291220	22.220368
20		100000		7.200		-114.780960	878.290581	22.288840	22.285177
20		100000		7.225		-114.383280	882.152296	22.164560	22.164442
20		100000		7.250		-113.948560	875.508394	22.199180	22.190859
20		100000		7.275		-113.379960	876.266110	22.176440	21.998322
20		100000		7.300		-112.882520	875.851718	21.959300	21.950218
20		100000		7.325		-112.601000	880.445679	21.946960	21.929175
20		100000		7.350		-112.265640	883.392315	22.028500	22.005669
20		100000		7.375		-112.062200	882.420931	22.070720	22.065730
20		100000		7.400		-111.366120	876.924756	21.976940	21.975191
20		100000		7.425		-111.202080	876.516284	21.905860	21.903883
20		100000		7.450		-110.584240	878.252904	21.960560	21.960550
20		100000		7.475		-110.322840	879.462814	21.844880	21.844878
20		100000		7.500		-109.884800	872.553449	21.839900	21.817836
20		100000		7.525		-109.508440	875.691489	21.734020	21.627627
20		100000		7.550		-109.197360	876.388409	21.832780	21.832088
20		100000		7.575		-108.849320	872.830816	21.756140	21.737715
20		100000		7.600		-108.420320	875.314531	21.666300	21.655187
20		100000		7.625		-107.798240	870.856573	21.657820	21.657432
20		100000		7.650		-107.529960	865.768982	21.587720	21.576619
20		100000		7.675		-107.111320	862.430248	21.819100	21.788173
20		100000		7.700		-106.867240	872.028375	21.478820	21.469577
20		100000		7.725		-106.569160	865.616217	21.687660	21.624388
20		100000		7.750		-106.152640	870.082301	21.587200	21.585616
20		100000		7.775		-105.725840	863.611556	21.594380	21.587104
20		100000		7.800		-105.241480	867.330887	21.511840	21.485583
20		100000		7.825		-105.113200	867.923666	21.503020	21.473525
20		100000		7.850		-104.876320	865.934463	21.504940	21.491479
20		100000		7.875		-104.379480	866.566875	21.505540	21.504314
20		100000		7.900		-104.072680	864.516478	21.480820	21.480449
20		100000		7.925		-103.629120	866.702128	21.444040	21.442326
20		100000		7.950		-103.321040	863.281093	21.372320	21.298532
20		100000		7.975		-102.971840	872.302567	21.350840	21.347850
