#size		cycles		temp		<E>		<C_v>		<|M|>		<chi>
20		100000		0.500		-799.999840	0.001280	399.999960	-0.000080
20		100000		0.520		-799.999440	0.004480	399.999860	-0.000280
20		100000		0.540		-799.999120	0.007039	399.999780	-0.000440
20		100000		0.560		-799.997440	0.020473	399.999360	-0.001280
20		100000		0.580		-799.997200	0.022392	399.999300	-0.001400
20		100000		0.600		-799.995440	0.036459	399.998860	-0.002279
20		100000		0.620		-799.989920	0.080538	399.997480	-0.005034
20		100000		0.640		-799.983360	0.133803	399.995820	-0.008503
20		100000		0.660		-799.980160	0.158326	399.995040	-0.009895
20		100000		0.680		-799.975800	0.195734	399.993920	-0.012443
20		100000		0.700		-799.960600	0.315408	399.990140	-0.019783
20		100000		0.720		-799.953280	0.377657	399.988260	-0.024062
20		100000		0.740		-799.933040	0.533116	399.983220	-0.033598
20		100000		0.760		-799.919680	0.645709	399.979800	-0.041192
20		100000		0.780		-799.892600	0.868945	399.973000	-0.055351
20		100000		0.800		-799.845560	1.260148	399.961100	-0.080847
20		100000		0.820		-799.817240	1.476199	399.953920	-0.095077
20		100000		0.840		-799.752600	1.993033	399.937480	-0.129211
20		100000		0.860		-799.701120	2.411151	399.924620	-0.155318
20		100000		0.880		-799.625320	3.102015	399.905220	-0.201937
20		100000		0.900		-799.555040	3.628571	399.887360	-0.236832
20		100000		0.920		-799.433000	4.655631	399.856220	-0.305367
20		100000		0.940		-799.339840	5.429469	399.832220	-0.359810
20		100000		0.960		-799.222640	6.375231	399.802320	-0.422763
20		100000		0.980		-799.055760	7.792251	399.759860	-0.517973
20		100000		1.000		-798.881320	9.209515	399.714860	-0.616495
20		100000		1.020		-798.674600	10.957075	399.661340	-0.741749
20		100000		1.040		-798.426160	13.018068	399.596640	-0.890661
20		100000		1.060		-798.161960	15.254729	399.528080	-1.050412
20		100000		1.080		-797.917200	17.238264	399.464440	-1.192215
20		100000		1.100		-797.572560	20.249295	399.374020	-1.420189
20		100000		1.120		-797.208440	23.563513	399.278540	-1.663215
20		100000		1.140		-796.851240	26.565790	399.185020	-1.887368
20		100000		1.160		-796.390280	30.374242	399.062660	-2.183834
20		100000		1.180		-795.954400	34.137121	398.948100	-2.458746
20		100000		1.200		-795.441560	38.573105	398.809400	-2.839912
20		100000		1.220		-794.884200	43.616590	398.660980	-3.233145
20		100000		1.240		-794.276000	48.837104	398.498700	-3.639738
20		100000		1.260		-793.708520	53.807519	398.343220	-4.067120
20		100000		1.280		-792.895520	61.034524	398.124460	-4.664550
20		100000		1.300		-792.136040	67.412373	397.917460	-5.229707
20		100000		1.320		-791.235040	76.592116	397.668480	-6.016734
20		100000		1.340		-790.335560	84.224359	397.419140	-6.764082
20		100000		1.360		-789.361840	93.254512	397.149720	-7.566224
20		100000		1.380		-788.477760	101.835425	396.901800	-8.395477
20		100000		1.400		-787.284840	112.925826	396.572780	-9.394923
20		100000		1.420		-786.003720	124.786546	396.200080	-10.726208
20		100000		1.440		-784.800960	136.361343	395.860300	-11.801484
20		100000		1.460		-783.330600	148.150784	395.439120	-13.017254
20		100000		1.480		-781.993400	162.862036	395.046920	-14.749399
20		100000		1.500		-780.509360	177.819272	394.610060	-16.396027
20		100000		1.520		-778.918640	192.822021	394.158940	-17.804378
20		100000		1.540		-777.177520	211.056647	393.628640	-20.179052
20		100000		1.560		-775.258120	227.116014	393.059100	-22.118987
20		100000		1.580		-773.340960	249.679266	392.474780	-24.990144
20		100000		1.600		-771.257360	270.633446	391.823060	-28.012252
20		100000		1.620		-769.173640	288.782729	391.206180	-29.872050
20		100000		1.640		-766.948120	319.367308	390.481560	-35.262420
20		100000		1.660		-764.587720	338.612505	389.741640	-37.977490
20		100000		1.680		-761.937280	365.700066	388.906780	-41.881950
20		100000		1.700		-759.120760	395.021337	387.972320	-47.273074
20		100000		1.720		-756.413360	421.333454	387.090020	-51.638776
20		100000		1.740		-753.920040	451.842886	386.277620	-56.535767
20		100000		1.760		-750.339760	489.139923	385.062900	-64.570764
20		100000		1.780		-747.137160	532.261107	383.915240	-77.199376
20		100000		1.800		-743.853800	560.797986	382.816640	-79.270459
20		100000		1.820		-740.305840	607.246622	381.521720	-91.858528
20		100000		1.840		-736.433000	659.722751	380.079260	-105.864638
20		100000		1.860		-732.458320	711.214903	378.581560	-122.340508
20		100000		1.880		-728.272840	752.969878	377.103580	-129.632711
20		100000		1.900		-723.645240	817.548225	375.254200	-151.307382
20		100000		1.920		-719.073480	863.503321	373.419560	-173.281169
20		100000		1.940		-714.676880	926.098633	371.737280	-187.085058
20		100000		1.960		-709.529440	993.113613	369.623120	-212.474841
20		100000		1.980		-704.392840	1052.228237	367.378560	-242.010772
20		100000		2.000		-698.660880	1150.839398	364.737960	-294.063815
20		100000		2.020		-692.578720	1229.679483	361.981800	-342.338069
20		100000		2.040		-685.730200	1339.336168	358.641080	-408.438616
20		100000		2.060		-679.509240	1431.523475	355.518180	-485.702049
20		100000		2.080		-671.568280	1586.836818	351.146100	-640.518175
20		100000		2.100		-665.536440	1663.761432	348.166500	-730.778398
20		100000		2.120		-656.196480	1882.209076	341.681000	-1207.418512
20		100000		2.140		-647.838080	2062.502422	336.373560	-1518.917060
20		100000		2.160		-639.835360	2185.166814	331.384360	-111075.022354
20		100000		2.180		-630.145120	2383.042300	324.937280	-64890.154277
20		100000		2.200		-619.754120	2581.678903	316.450920	-100234.630945
20		100000		2.220		-606.801840	2945.790973	304.547140	-82331.570868
20		100000		2.240		-595.190040	3127.289405	293.303680	-77961.392934
20		100000		2.260		-585.160280	3164.799190	285.524880	-81304.664807
20		100000		2.280		-569.972000	3427.625456	268.887440	-78377.414054
20		100000		2.300		-559.661440	3518.136577	259.331100	-71005.437125
20		100000		2.320		-546.058760	3552.631427	243.832180	-65466.775253
20		100000		2.340		-531.536000	3587.272384	226.590600	-58676.613508
20		100000		2.360		-516.561360	3501.183115	206.166340	-50000.966375
20		100000		2.380		-506.379200	3396.373327	196.692600	-47151.276310
20		100000		2.400		-493.513400	3183.412820	178.145840	-40213.140620
20		100000		2.420		-483.166160	3042.438151	166.126900	-35831.530296
20		100000		2.440		-474.727840	2942.627369	158.803080	-32973.443820
20		100000		2.460		-462.744680	2763.676812	141.747800	-27493.790724
20		100000		2.480		-453.230680	2529.875987	131.002880	-23894.119395
20		100000		2.500		-447.644800	2502.616553	128.718460	-23144.301771
20		100000		2.520		-440.444280	2396.404695	124.398860	-21698.119608
20		100000		2.540		-431.709560	2268.911325	112.549140	-18230.873480
20		100000		2.560		-424.902480	2116.742010	105.019480	-15993.716625
20		100000		2.580		-418.782960	2094.832734	101.656680	-15219.368246
20		100000		2.600		-412.202280	2006.345163	94.659740	-13343.849099
20		100000		2.620		-407.529600	1992.778084	93.824000	-12994.758338
20		100000		2.640		-400.843960	1895.959572	88.938560	-11781.436354
20		100000		2.660		-395.560040	1834.713795	85.399180	-10955.819432
20		100000		2.680		-390.606920	1785.414048	82.132160	-10130.940293
20		100000		2.700		-385.920360	1782.114297	78.344460	-9301.058751
20		100000		2.720		-380.430920	1741.034628	75.928200	-8828.842684
20		100000		2.740		-376.314480	1703.835822	74.179240	-8406.279705
20		100000		2.760		-371.642880	1683.815505	71.150120	-7777.858803
20		100000		2.780		-368.167040	1648.280898	70.564460	-7628.301504
20		100000		2.800		-363.747720	1640.392835	69.038200	-7271.114222
20		100000		2.820		-359.526000	1602.823964	66.423800	-6744.659655
20		100000		2.840		-355.263120	1562.431728	65.070980	-6511.335841
20		100000		2.860		-351.288480	1571.026539	63.664900	-6231.019630
20		100000		2.880		-347.857160	1551.104557	62.337780	-5980.887856
20		100000		2.900		-343.309360	1530.458696	60.273640	-5592.524404
20		100000		2.920		-340.611320	1503.531088	59.807720	-5497.139727
20		100000		2.940		-337.301080	1490.467991	58.264740	-5218.366215
20		100000		2.960		-333.558160	1472.246377	56.727920	-4952.452650
20		100000		2.980		-330.257880	1453.895418	56.000220	-4847.584068
20		100000		3.000		-326.984760	1444.604968	54.482720	-4592.653993
20		100000		3.020		-323.782880	1422.291739	54.186560	-4545.028549
20		100000		3.040		-320.805880	1413.611517	52.994920	-4337.946557
20		100000		3.060		-317.565400	1394.503283	51.822680	-4147.071877
20		100000		3.080		-314.449320	1392.321632	50.431260	-3948.825913
20		100000		3.100		-311.696640	1373.323973	50.083640	-3910.349914
20		100000		3.120		-308.721240	1365.832933	49.192620	-3749.418900
20		100000		3.140		-306.158920	1349.764184	48.937040	-3723.874564
20		100000		3.160		-303.473680	1358.095787	48.057380	-3580.763429
20		100000		3.180		-300.705280	1339.893940	47.047140	-3440.877494
20		100000		3.200		-298.154960	1323.640947	47.281920	-3468.592076
20		100000		3.220		-295.329720	1303.932005	46.374100	-3341.105845
20		100000		3.240		-293.273000	1315.255471	45.669680	-3242.211280
20		100000		3.260		-290.306840	1292.787769	44.826820	-3135.604240
20		100000		3.280		-288.223360	1292.813470	44.590200	-3087.244320
20		100000		3.300		-286.130000	1284.933180	44.080340	-3025.342597
20		100000		3.320		-283.377640	1268.163228	43.772080	-2981.178357
20		100000		3.340		-280.835160	1269.594188	42.853380	-2862.833071
20		100000		3.360		-278.856640	1263.611448	42.614400	-2832.603477
20		100000		3.380		-276.780520	1245.508069	41.877860	-2727.394638
20		100000		3.400		-274.458560	1261.132443	41.478240	-2694.087262
20		100000		3.420		-272.225160	1241.201303	41.045180	-2624.918108
20		100000		3.440		-270.291040	1240.166176	41.114240	-2639.738400
20		100000		3.460		-267.975640	1226.310287	40.585000	-2560.931333
20		100000		3.480		-266.201200	1220.120159	40.288540	-2524.432317
