#size		cycles		temp		<E>		<C_v>		<|M|>		<chi>
#20		0		1.00		-inf	nan	inf	nan
20		1		1.00		-1600.000000	-1280000.000000	800.000000	-639200.000000
20		2		1.00		-1200.000000	-480000.000000	600.000000	-359400.000000
20		3		1.00		-1066.666667	-284444.444444	533.333333	-283911.111111
20		4		1.00		-1000.000000	-200000.000000	500.000000	-249500.000000
20		5		1.00		-960.000000	-153600.000000	480.000000	-229920.000000
20		6		1.00		-933.333333	-124444.444444	466.666667	-217311.111111
20		7		1.00		-914.285714	-104489.795918	457.142857	-208522.448980
20		8		1.00		-900.000000	-90000.000000	450.000000	-202050.000000
20		9		1.00		-888.888889	-79012.345679	444.444444	-197086.419753
20		10		1.00		-880.000000	-70400.000000	440.000000	-193160.000000
20		11		1.00		-872.727273	-63471.074380	436.363636	-189976.859504
20		12		1.00		-866.000000	-57684.000000	433.166667	-187200.194444
20		13		1.00		-860.307692	-52857.940828	430.461538	-184866.674556
20		14		1.00		-855.428571	-48772.897959	428.142857	-182878.163265
20		15		1.00		-851.733333	-45330.204444	426.266667	-181277.004444
20		16		1.00		-848.500000	-42340.250000	424.625000	-179881.765625
20		17		1.00		-845.647059	-39719.418685	423.176471	-178655.148789
20		18		1.00		-843.111111	-37403.456790	421.888889	-177568.345679
20		19		1.00		-840.842105	-35342.182825	420.736842	-176598.753463
20		20		1.00		-838.800000	-33495.840000	419.700000	-175728.390000
20		21		1.00		-836.571429	-31801.469388	418.666667	-174863.111111
20		22		1.00		-834.909091	-30297.917355	417.818182	-174154.214876
20		23		1.00		-833.391304	-28929.935728	417.043478	-173508.219282
20		24		1.00		-832.000000	-27680.000000	416.333333	-172917.111111
20		25		1.00		-830.720000	-26533.478400	415.680000	-172374.182400
20		26		1.00		-829.538462	-25478.059172	415.076923	-171873.775148
20		27		1.00		-828.444444	-24503.308642	414.518519	-171411.083676
20		28		1.00		-827.428571	-23600.326531	414.000000	-170982.000000
20		29		1.00		-826.482759	-22761.474435	413.517241	-170582.991677
20		30		1.00		-825.600000	-21980.160000	413.066667	-170211.004444
20		31		1.00		-824.774194	-21250.663892	412.645161	-169863.383975
20		32		1.00		-824.000000	-20568.000000	412.250000	-169537.812500
20		33		1.00		-823.272727	-19927.801653	411.878788	-169232.257117
20		34		1.00		-822.588235	-19326.228374	411.529412	-168944.927336
20		35		1.00		-821.942857	-18759.888980	411.200000	-168674.240000
20		36		1.00		-821.333333	-18225.777778	410.888889	-168418.790123
20		37		1.00		-820.756757	-17721.221329	410.594595	-168177.326516
20		38		1.00		-820.210526	-17243.833795	410.315789	-167948.731302
20		39		1.00		-819.692308	-16791.479290	410.051282	-167732.002630
20		40		1.00		-819.200000	-16362.240000	409.800000	-167526.240000
20		41		1.00		-818.731707	-15954.389054	409.560976	-167330.631767
20		42		1.00		-818.285714	-15566.367347	409.333333	-167144.444444
20		43		1.00		-817.860465	-15196.763656	409.116279	-166967.013521
20		44		1.00		-817.454545	-14844.297521	408.909091	-166797.735537
20		45		1.00		-817.066667	-14507.804444	408.711111	-166636.061235
20		46		1.00		-816.695652	-14186.223062	408.521739	-166481.489603
20		47		1.00		-816.340426	-13878.583975	408.340426	-166333.562698
20		48		1.00		-816.000000	-13584.000000	408.166667	-166191.861111
20		49		1.00		-815.673469	-13301.657643	408.000000	-166056.000000
20		50		1.00		-815.360000	-13030.809600	407.840000	-165925.625600
20		51		1.00		-815.058824	-12770.768166	407.686275	-165800.412149
20		52		1.00		-814.769231	-12520.899408	407.538462	-165680.059172
20		53		1.00		-814.490566	-12280.618014	407.396226	-165564.289071
20		54		1.00		-814.222222	-12049.382716	407.259259	-165452.844993
20		55		1.00		-813.963636	-11826.692231	407.127273	-165345.488926
20		56		1.00		-813.714286	-11612.081633	407.000000	-165242.000000
20		57		1.00		-813.473684	-11405.119114	406.877193	-165142.172976
20		58		1.00		-813.241379	-11205.403092	406.758621	-165045.816885
20		59		1.00		-813.016949	-11012.559609	406.644068	-164952.753806
20		60		1.00		-812.666667	-10821.777778	406.500000	-164835.750000
20		61		1.00		-812.459016	-10641.784467	406.393443	-164749.236764
20		62		1.00		-812.258065	-10467.679501	406.290323	-164665.535900
20		63		1.00		-812.063492	-10299.178634	406.190476	-164584.512472
20		64		1.00		-811.875000	-10136.015625	406.093750	-164506.040039
20		65		1.00		-811.692308	-9977.940828	406.000000	-164430.000000
20		66		1.00		-811.515152	-9824.719927	405.909091	-164356.280992
20		67		1.00		-811.343284	-9676.132769	405.820896	-164284.778347
20		68		1.00		-811.176471	-9531.972318	405.735294	-164215.393599
20		69		1.00		-810.898551	-9388.575509	405.623188	-164124.547784
20		70		1.00		-810.628571	-9249.423673	405.514286	-164036.321633
20		71		1.00		-810.478873	-9117.581432	405.436620	-163973.415989
20		72		1.00		-810.333333	-8989.444444	405.361111	-163912.269290
20		73		1.00		-810.191781	-8864.858698	405.287671	-163852.808782
20		74		1.00		-810.054054	-8743.678598	405.216216	-163794.965668
20		75		1.00		-809.920000	-8625.766400	405.146667	-163738.674844
20		76		1.00		-809.789474	-8510.991690	405.078947	-163683.874654
20		77		1.00		-809.662338	-8399.230899	405.012987	-163630.506662
20		78		1.00		-809.435897	-8287.600263	404.923077	-163557.775148
20		79		1.00		-809.215190	-8178.894408	404.835443	-163486.900497
20		80		1.00		-809.100000	-8075.610000	404.775000	-163438.025625
20		81		1.00		-808.987654	-7974.901387	404.716049	-163390.364579
20		82		1.00		-808.878049	-7876.673409	404.658537	-163343.872695
20		83		1.00		-808.771084	-7780.835535	404.602410	-163298.507476
20		84		1.00		-808.666667	-7687.301587	404.547619	-163254.228458
20		85		1.00		-808.564706	-7595.989481	404.494118	-163210.997093
20		86		1.00		-808.465116	-7506.820984	404.441860	-163168.776636
20		87		1.00		-808.367816	-7419.721496	404.390805	-163127.532039
20		88		1.00		-808.272727	-7334.619835	404.340909	-163087.229855
20		89		1.00		-808.179775	-7251.448049	404.292135	-163047.838152
20		90		1.00		-808.088889	-7170.141235	404.244444	-163009.326420
20		91		1.00		-808.000000	-7090.637363	404.197802	-162971.665499
20		92		1.00		-807.913043	-7012.877127	404.152174	-162934.827505
20		93		1.00		-807.827957	-6936.803792	404.107527	-162898.785756
20		94		1.00		-807.744681	-6862.363060	404.063830	-162863.514713
20		95		1.00		-807.578947	-6787.545706	404.000000	-162812.000000
20		96		1.00		-807.416667	-6714.340278	403.937500	-162761.566406
20		97		1.00		-807.340206	-6644.559039	403.896907	-162728.814752
20		98		1.00		-807.183673	-6574.380675	403.836735	-162680.271554
20		99		1.00		-807.111111	-6507.456790	403.797980	-162649.010509
20		100		1.00		-807.040000	-6441.881600	403.760000	-162618.377600
20		101		1.00		-806.970297	-6377.614744	403.722772	-162588.354083
20		102		1.00		-806.823529	-6312.913495	403.666667	-162543.111111
20		103		1.00		-806.757282	-6251.175417	403.631068	-162514.407956
20		104		1.00		-806.615385	-6188.994083	403.576923	-162470.755917
20		105		1.00		-806.552381	-6129.638458	403.542857	-162443.294694
20		106		1.00		-806.415094	-6069.832681	403.490566	-162401.146315
20		107		1.00		-806.242991	-6009.965587	403.420561	-162344.728273
20		108		1.00		-806.185185	-5953.960219	403.388889	-162319.206790
20		109		1.00		-806.055046	-5897.507617	403.339450	-162279.372107
20		110		1.00		-806.000000	-5843.563636	403.309091	-162254.913719
20		111		1.00		-805.945946	-5790.597516	403.279279	-162230.897817
20		112		1.00		-805.892857	-5738.582908	403.250000	-162207.312500
20		113		1.00		-805.840708	-5687.494401	403.221239	-162184.146292
20		114		1.00		-805.789474	-5637.307479	403.192982	-162161.388119
20		115		1.00		-805.739130	-5587.998488	403.165217	-162139.027297
20		116		1.00		-805.689655	-5539.544590	403.137931	-162117.053508
20		117		1.00		-805.641026	-5491.923734	403.111111	-162095.456790
20		118		1.00		-805.593220	-5445.114622	403.084746	-162074.227521
20		119		1.00		-805.546218	-5399.096674	403.058824	-162053.356401
20		120		1.00		-805.500000	-5353.850000	403.033333	-162032.834444
20		121		1.00		-805.454545	-5309.355372	403.008264	-162012.652961
20		122		1.00		-805.409836	-5265.594195	402.983607	-161992.803547
20		123		1.00		-805.365854	-5222.548483	402.959350	-161973.278075
20		124		1.00		-805.322581	-5180.200832	402.935484	-161954.068678
20		125		1.00		-805.280000	-5138.534400	402.912000	-161935.167744
20		126		1.00		-805.238095	-5097.532880	402.888889	-161916.567901
20		127		1.00		-805.196850	-5057.180482	402.866142	-161898.262013
20		128		1.00		-805.156250	-5017.461914	402.843750	-161880.243164
20		129		1.00		-805.116279	-4978.362358	402.821705	-161862.504657
20		130		1.00		-805.076923	-4939.867456	402.800000	-161845.040000
20		131		1.00		-805.038168	-4901.963289	402.778626	-161827.842900
20		132		1.00		-805.000000	-4864.636364	402.757576	-161810.907254
20		133		1.00		-804.962406	-4827.873594	402.736842	-161794.227147
20		134		1.00		-804.925373	-4791.662286	402.716418	-161777.796837
20		135		1.00		-804.888889	-4755.990123	402.696296	-161761.610754
20		136		1.00		-804.852941	-4720.845156	402.676471	-161745.663495
20		137		1.00		-804.817518	-4686.215781	402.656934	-161729.949811
20		138		1.00		-804.782609	-4652.090737	402.637681	-161714.464608
20		139		1.00		-804.748201	-4618.459086	402.618705	-161699.202940
20		140		1.00		-804.714286	-4585.310204	402.600000	-161684.160000
20		141		1.00		-804.680851	-4552.633771	402.581560	-161669.331120
20		142		1.00		-804.647887	-4520.419758	402.563380	-161654.711764
20		143		1.00		-804.559441	-4487.697589	402.531469	-161629.051690
20		144		1.00		-804.472222	-4455.445216	402.500000	-161603.750000
20		145		1.00		-804.441379	-4424.581023	402.482759	-161589.888228
20		146		1.00		-804.410959	-4394.141490	402.465753	-161576.216926
20		147		1.00		-804.380952	-4364.117914	402.448980	-161562.732195
20		148		1.00		-804.351351	-4334.501826	402.432432	-161549.430241
20		149		1.00		-804.322148	-4305.284987	402.416107	-161536.307374
20		150		1.00		-804.293333	-4276.459378	402.400000	-161523.360000
20		151		1.00		-804.264901	-4248.017192	402.384106	-161510.584623
20		152		1.00		-804.236842	-4219.950831	402.368421	-161497.977839
20		153		1.00		-804.209150	-4192.252894	402.352941	-161485.536332
20		154		1.00		-804.129870	-4164.068814	402.324675	-161462.819700
20		155		1.00		-804.103226	-4137.094527	402.309677	-161450.766868
20		156		1.00		-804.076923	-4110.467456	402.294872	-161438.869001
20		157		1.00		-804.050955	-4084.180940	402.280255	-161427.123129
20		158		1.00		-804.025316	-4058.228489	402.265823	-161415.526358
20		159		1.00		-804.000000	-4032.603774	402.251572	-161404.075867
20		160		1.00		-803.975000	-4007.300625	402.237500	-161392.768906
20		161		1.00		-803.950311	-3982.313028	402.223602	-161381.602793
20		162		1.00		-803.925926	-3957.635117	402.209877	-161370.574912
20		163		1.00		-803.901840	-3933.261169	402.196319	-161359.682713
20		164		1.00		-803.878049	-3909.185604	402.182927	-161348.923706
20		165		1.00		-803.854545	-3885.402975	402.169697	-161338.295464
20		166		1.00		-803.831325	-3861.907969	402.156627	-161327.795616
20		167		1.00		-803.760479	-3837.949586	402.131737	-161307.801786
20		168		1.00		-803.738095	-3815.020975	402.119048	-161297.609410
20		169		1.00		-803.715976	-3792.364693	402.106509	-161287.537971
20		170		1.00		-803.694118	-3769.975917	402.094118	-161277.585329
20		171		1.00		-803.625731	-3747.134229	402.070175	-161258.355802
20		172		1.00		-803.558140	-3724.567334	402.046512	-161239.351001
20		173		1.00		-803.491329	-3702.270306	402.023121	-161220.567009
20		174		1.00		-803.425287	-3680.238341	402.000000	-161202.000000
20		175		1.00		-803.405714	-3659.141747	401.988571	-161192.822988
20		176		1.00		-803.386364	-3638.285640	401.977273	-161183.750517
20		177		1.00		-803.322034	-3617.002011	401.954802	-161165.708258
20		178		1.00		-803.258427	-3595.965661	401.932584	-161147.869713
20		179		1.00		-803.240223	-3575.817484	401.921788	-161139.201648
20		180		1.00		-803.177778	-3555.253827	401.900000	-161121.710000
20		181		1.00		-803.116022	-3534.925063	401.878453	-161104.412564
20		182		1.00		-803.098901	-3515.449342	401.868132	-161096.127279
20		183		1.00		-803.081967	-3496.187046	401.857923	-161087.932754
20		184		1.00		-803.065217	-3477.134688	401.847826	-161079.827505
20		185		1.00		-803.048649	-3458.288853	401.837838	-161071.810080
20		186		1.00		-803.032258	-3439.646202	401.827957	-161063.879061
20		187		1.00		-803.016043	-3421.203466	401.818182	-161056.033058
20		188		1.00		-803.000000	-3402.957447	401.808511	-161048.270711
20		189		1.00		-802.899471	-3383.052434	401.777778	-161023.604938
20		190		1.00		-802.800000	-3363.376842	401.747368	-160999.200665
20		191		1.00		-802.701571	-3343.926756	401.717277	-160975.053754
20		192		1.00		-802.687500	-3326.472656	401.708333	-160967.876736
20		193		1.00		-802.673575	-3309.199817	401.699482	-160960.774249
20		194		1.00		-802.659794	-3292.105431	401.690722	-160953.745138
20		195		1.00		-802.646154	-3275.186746	401.682051	-160946.788271
20		196		1.00		-802.632653	-3258.441066	401.673469	-160939.902541
20		197		1.00		-802.619289	-3241.865753	401.664975	-160933.086861
20		198		1.00		-802.606061	-3225.458219	401.656566	-160926.340169
20		199		1.00		-802.592965	-3209.215929	401.648241	-160919.661423
20		200		1.00		-802.540000	-3192.611600	401.630000	-160905.026900
20		201		1.00		-802.527363	-3176.696022	401.621891	-160898.521076
20		202		1.00		-802.475248	-3160.423880	401.603960	-160884.137045
20		203		1.00		-802.423645	-3144.317406	401.586207	-160869.895363
20		204		1.00		-802.411765	-3128.875433	401.578431	-160863.658112
20		205		1.00		-802.400000	-3113.584390	401.570732	-160857.481832
20		206		1.00		-802.388350	-3098.442077	401.563107	-160851.365633
20		207		1.00		-802.376812	-3083.446335	401.555556	-160845.308642
20		208		1.00		-802.365385	-3068.595044	401.548077	-160839.310004
20		209		1.00		-802.354067	-3053.886129	401.540670	-160833.368879
20		210		1.00		-802.342857	-3039.317551	401.533333	-160827.484444
20		211		1.00		-802.331754	-3024.887312	401.526066	-160821.655893
20		212		1.00		-802.320755	-3010.593450	401.518868	-160815.882431
20		213		1.00		-802.309859	-2996.434041	401.511737	-160810.163283
20		214		1.00		-802.299065	-2982.407197	401.504673	-160804.497685
20		215		1.00		-802.288372	-2968.511065	401.497674	-160798.884889
20		216		1.00		-802.277778	-2954.743827	401.490741	-160793.324160
20		217		1.00		-802.267281	-2941.103697	401.483871	-160787.814776
20		218		1.00		-802.256881	-2927.588923	401.477064	-160782.356031
20		219		1.00		-802.246575	-2914.197786	401.470320	-160776.947228
20		220		1.00		-802.236364	-2900.928595	401.463636	-160771.587686
20		221		1.00		-802.226244	-2887.779693	401.457014	-160766.276735
20		222		1.00		-802.216216	-2874.749452	401.450450	-160761.013716
20		223		1.00		-802.206278	-2861.836273	401.443946	-160755.797985
20		224		1.00		-802.196429	-2849.038584	401.437500	-160750.628906
20		225		1.00		-802.186667	-2836.354844	401.431111	-160745.505857
20		226		1.00		-802.176991	-2823.783538	401.424779	-160740.428225
20		227		1.00		-802.132159	-2810.889713	401.409692	-160728.330843
20		228		1.00		-802.087719	-2798.112958	401.394737	-160716.340028
20		229		1.00		-802.043668	-2785.451689	401.379913	-160704.454377
20		230		1.00		-802.034783	-2773.322949	401.373913	-160699.644159
20		231		1.00		-802.025974	-2761.299376	401.367965	-160694.875658
20		232		1.00		-801.982759	-2748.965815	401.353448	-160683.236995
20		233		1.00		-801.939914	-2736.741808	401.339056	-160671.698650
20		234		1.00		-801.931624	-2725.030316	401.333333	-160667.111111
20		235		1.00		-801.923404	-2713.418633	401.327660	-160662.562680
20		236		1.00		-801.915254	-2701.905487	401.322034	-160658.052858
20		237		1.00		-801.907173	-2690.489630	401.316456	-160653.581157
20		238		1.00		-801.899160	-2679.169833	401.310924	-160649.147094
20		239		1.00		-801.891213	-2667.944889	401.305439	-160644.750197
20		240		1.00		-801.883333	-2656.813611	401.300000	-160640.390000
20		241		1.00		-801.875519	-2645.774832	401.294606	-160636.066046
20		242		1.00		-801.801653	-2633.526945	401.272727	-160618.528926
20		243		1.00		-801.761317	-2622.295653	401.259259	-160607.733882
20		244		1.00		-801.721311	-2611.159635	401.245902	-160597.027681
20		245		1.00		-801.681633	-2600.117684	401.232653	-160586.409229
20		246		1.00		-801.674797	-2589.536651	401.227642	-160582.393284
20		247		1.00		-801.668016	-2579.041387	401.222672	-160578.409907
20		248		1.00		-801.629032	-2568.266649	401.209677	-160567.995578
20		249		1.00		-801.590361	-2557.581458	401.196787	-160557.665231
20		250		1.00		-801.552000	-2546.984704	401.184000	-160547.417856
20		251		1.00		-801.513944	-2536.475294	401.171315	-160537.252456
20		252		1.00		-801.476190	-2526.052154	401.158730	-160527.168052
20		253		1.00		-801.470356	-2516.059179	401.154150	-160523.498071
20		254		1.00		-801.433071	-2505.801724	401.141732	-160513.547647
20		255		1.00		-801.396078	-2495.627466	401.129412	-160503.675571
20		256		1.00		-801.359375	-2485.535400	401.117188	-160493.880920
20		257		1.00		-801.322957	-2475.524535	401.105058	-160484.162788
20		258		1.00		-801.286822	-2465.593895	401.093023	-160474.520281
20		259		1.00		-801.281853	-2456.067858	401.088803	-160471.139160
20		260		1.00		-801.276923	-2446.615148	401.084615	-160467.784083
20		261		1.00		-801.272031	-2437.234920	401.080460	-160464.454750
20		262		1.00		-801.267176	-2427.926345	401.076336	-160461.150865
20		263		1.00		-801.262357	-2418.688603	401.072243	-160457.872139
20		264		1.00		-801.227273	-2409.203168	401.060606	-160448.549128
20		265		1.00		-801.222642	-2400.106173	401.056604	-160445.342827
20		266		1.00		-801.218045	-2391.077619	401.052632	-160442.160665
20		267		1.00		-801.213483	-2382.116736	401.048689	-160439.002371
20		268		1.00		-801.208955	-2373.222767	401.044776	-160435.867677
20		269		1.00		-801.204461	-2364.394964	401.040892	-160432.756319
20		270		1.00		-801.200000	-2355.632593	401.037037	-160429.668038
20		271		1.00		-801.195572	-2346.934927	401.033210	-160426.602579
20		272		1.00		-801.191176	-2338.301254	401.029412	-160423.559689
20		273		1.00		-801.157509	-2329.427740	401.018315	-160414.670665
20		274		1.00		-801.153285	-2320.921306	401.014599	-160411.693644
20		275		1.00		-801.149091	-2312.476774	401.010909	-160408.738301
20		276		1.00		-801.144928	-2304.093468	401.007246	-160405.804400
20		277		1.00		-801.140794	-2295.770726	401.003610	-160402.891710
20		278		1.00		-801.136691	-2287.507893	401.000000	-160400.000000
20		279		1.00		-801.132616	-2279.304325	400.996416	-160397.129045
20		280		1.00		-801.100000	-2270.867143	400.985714	-160388.557347
20		281		1.00		-801.067616	-2262.492116	400.975089	-160380.046884
20		282		1.00		-801.063830	-2254.465067	400.971631	-160377.277401
20		283		1.00		-801.060071	-2246.494775	400.968198	-160374.527513
20		284		1.00		-801.056338	-2238.580639	400.964789	-160371.797014
20		285		1.00		-801.052632	-2230.722068	400.961404	-160369.085700
20		286		1.00		-801.020979	-2222.636804	400.951049	-160360.792606
20		287		1.00		-801.017422	-2214.888805	400.947735	-160358.138620
20		288		1.00		-801.013889	-2207.194637	400.944444	-160355.503086
20		289		1.00		-800.982699	-2199.277116	400.934256	-160347.343423
20		290		1.00		-800.979310	-2191.690083	400.931034	-160344.763377
20		291		1.00		-800.948454	-2183.882382	400.920962	-160336.696969
20		292		1.00		-800.917808	-2176.130043	400.910959	-160328.686011
20		293		1.00		-800.887372	-2168.432480	400.901024	-160320.729933
20		294		1.00		-800.843537	-2160.493868	400.884354	-160307.380721
20		295		1.00		-800.813559	-2152.905947	400.874576	-160299.551324
20		296		1.00		-800.783784	-2145.371074	400.864865	-160291.775018
20		297		1.00		-800.781145	-2138.145541	400.861953	-160289.443299
20		298		1.00		-800.778523	-2130.968515	400.859060	-160287.127247
20		299		1.00		-800.775920	-2123.839510	400.856187	-160284.826702
20		300		1.00		-800.773333	-2116.758044	400.853333	-160282.541511
20		301		1.00		-800.770764	-2109.723645	400.850498	-160280.271520
20		302		1.00		-800.768212	-2102.735845	400.847682	-160278.016578
20		303		1.00		-800.765677	-2095.794181	400.844884	-160275.776536
20		304		1.00		-800.763158	-2088.898199	400.842105	-160273.551247
20		305		1.00		-800.760656	-2082.047450	400.839344	-160271.340564
20		306		1.00		-800.758170	-2075.241488	400.836601	-160269.144346
20		307		1.00		-800.755700	-2068.479878	400.833876	-160266.962451
20		308		1.00		-800.753247	-2061.762186	400.831169	-160264.794738
20		309		1.00		-800.750809	-2055.087986	400.828479	-160262.641070
20		310		1.00		-800.748387	-2048.456857	400.825806	-160260.501311
20		311		1.00		-800.745981	-2041.868384	400.823151	-160258.375327
20		312		1.00		-800.743590	-2035.322156	400.820513	-160256.262985
20		313		1.00		-800.741214	-2028.817769	400.817891	-160254.164154
20		314		1.00		-800.738854	-2022.354822	400.815287	-160252.078705
20		315		1.00		-800.736508	-2015.932920	400.812698	-160250.006510
20		316		1.00		-800.708861	-2009.312610	400.803797	-160242.880268
20		317		1.00		-800.706625	-2002.972504	400.801262	-160240.850222
20		318		1.00		-800.704403	-1996.672284	400.798742	-160238.832958
20		319		1.00		-800.702194	-1990.411572	400.796238	-160236.828353
20		320		1.00		-800.700000	-1984.190000	400.793750	-160234.836289
20		321		1.00		-800.697819	-1978.007201	400.791277	-160232.856649
20		322		1.00		-800.695652	-1971.862814	400.788820	-160230.889318
20		323		1.00		-800.643963	-1964.897660	400.773994	-160219.020119
20		324		1.00		-800.592593	-1957.980796	400.759259	-160207.224623
20		325		1.00		-800.590769	-1951.955162	400.756923	-160205.354471
20		326		1.00		-800.588957	-1945.966502	400.754601	-160203.495803
20		327		1.00		-800.587156	-1940.014477	400.752294	-160201.648514
20		328		1.00		-800.585366	-1934.098751	400.750000	-160199.812500
20		329		1.00		-800.583587	-1928.218993	400.747720	-160197.987657
20		330		1.00		-800.557576	-1922.153315	400.739394	-160191.322461
20		331		1.00		-800.555891	-1916.345269	400.737160	-160189.534342
20		332		1.00		-800.554217	-1910.572217	400.734940	-160187.757004
20		333		1.00		-800.552553	-1904.833843	400.732733	-160185.990351
20		334		1.00		-800.550898	-1899.129836	400.730539	-160184.234286
20		335		1.00		-800.549254	-1893.459889	400.728358	-160182.488715
20		336		1.00		-800.547619	-1887.823696	400.726190	-160180.753543
20		337		1.00		-800.545994	-1882.220958	400.724036	-160179.028679
20		338		1.00		-800.544379	-1876.651378	400.721893	-160177.314030
20		339		1.00		-800.542773	-1871.114661	400.719764	-160175.609506
20		340		1.00		-800.517647	-1865.397370	400.711765	-160169.206609
20		341		1.00		-800.516129	-1859.926213	400.709677	-160167.535900
20		342		1.00		-800.514620	-1854.487056	400.707602	-160165.874970
20		343		1.00		-800.489796	-1848.869638	400.699708	-160159.556647
20		344		1.00		-800.488372	-1843.494321	400.697674	-160157.928610
20		345		1.00		-800.486957	-1838.150170	400.695652	-160156.310019
20		346		1.00		-800.485549	-1832.836914	400.693642	-160154.700792
20		347		1.00		-800.461095	-1827.348055	400.685879	-160148.487721
20		348		1.00		-800.436782	-1821.891928	400.678161	-160142.310477
20		349		1.00		-800.435530	-1816.671062	400.676218	-160140.755265
20		350		1.00		-800.434286	-1811.480033	400.674286	-160139.208947
20		351		1.00		-800.410256	-1806.117028	400.666667	-160133.111111
20		352		1.00		-800.386364	-1800.785640	400.659091	-160127.048037
20		353		1.00		-800.385269	-1795.683843	400.657224	-160125.553756
20		354		1.00		-800.384181	-1790.610872	400.655367	-160124.067924
20		355		1.00		-800.383099	-1785.566483	400.653521	-160122.590470
20		356		1.00		-800.382022	-1780.550436	400.651685	-160121.121323
20		357		1.00		-800.380952	-1775.562492	400.649860	-160119.660413
20		358		1.00		-800.379888	-1770.602416	400.648045	-160118.207671
20		359		1.00		-800.356546	-1765.475314	400.640669	-160112.304607
20		360		1.00		-800.355556	-1760.570864	400.638889	-160110.880401
20		361		1.00		-800.354571	-1755.693587	400.637119	-160109.464093
20		362		1.00		-800.353591	-1750.843259	400.635359	-160108.055615
20		363		1.00		-800.352617	-1746.019656	400.633609	-160106.654904
20		364		1.00		-800.351648	-1741.222558	400.631868	-160105.261895
20		365		1.00		-800.350685	-1736.451747	400.630137	-160103.876525
20		366		1.00		-800.349727	-1731.707008	400.628415	-160102.498731
20		367		1.00		-800.348774	-1726.988128	400.626703	-160101.128451
20		368		1.00		-800.347826	-1722.294896	400.625000	-160099.765625
20		369		1.00		-800.346883	-1717.627103	400.623306	-160098.410191
20		370		1.00		-800.345946	-1712.984543	400.621622	-160097.062089
20		371		1.00		-800.345013	-1708.367013	400.619946	-160095.721260
20		372		1.00		-800.344086	-1703.774309	400.618280	-160094.387646
20		373		1.00		-800.321716	-1699.020391	400.611260	-160088.770422
20		374		1.00		-800.299465	-1694.292888	400.604278	-160083.183334
20		375		1.00		-800.277333	-1689.591580	400.597333	-160077.626140
20		376		1.00		-800.255319	-1684.916252	400.590426	-160072.098602
20		377		1.00		-800.233422	-1680.266687	400.583554	-160066.600483
20		378		1.00		-800.232804	-1675.821394	400.582011	-160065.365191
20		379		1.00		-800.232190	-1671.399559	400.580475	-160064.136423
20		380		1.00		-800.210526	-1666.823269	400.573684	-160058.702798
20		381		1.00		-800.188976	-1662.271933	400.566929	-160053.297787
20		382		1.00		-800.188482	-1657.920342	400.565445	-160052.110304
20		383		1.00		-800.187990	-1653.591476	400.563969	-160050.929027
20		384		1.00		-800.187500	-1649.285156	400.562500	-160049.753906
20		385		1.00		-800.187013	-1645.001208	400.561039	-160048.584895
20		386		1.00		-800.186528	-1640.739456	400.559585	-160047.421944
20		387		1.00		-800.186047	-1636.499730	400.558140	-160046.265008
20		388		1.00		-800.164948	-1632.109682	400.551546	-160040.989770
20		389		1.00		-800.143959	-1627.743089	400.544987	-160035.741741
20		390		1.00		-800.143590	-1623.569336	400.543590	-160034.623695
20		391		1.00		-800.143223	-1619.416932	400.542199	-160033.511372
20		392		1.00		-800.142857	-1615.285714	400.540816	-160032.404727
20		393		1.00		-800.142494	-1611.175521	400.539440	-160031.303718
20		394		1.00		-800.142132	-1607.086191	400.538071	-160030.208302
20		395		1.00		-800.141772	-1603.017568	400.536709	-160029.118436
20		396		1.00		-800.141414	-1598.969493	400.535354	-160028.034078
20		397		1.00		-800.141058	-1594.941812	400.534005	-160026.955187
20		398		1.00		-800.140704	-1590.934370	400.532663	-160025.881720
20		399		1.00		-800.140351	-1586.947017	400.531328	-160024.813638
20		400		1.00		-800.140000	-1582.979600	400.530000	-160023.750900
20		401		1.00		-800.139651	-1579.031971	400.528678	-160022.693466
20		402		1.00		-800.139303	-1575.103983	400.527363	-160021.641296
20		403		1.00		-800.138958	-1571.195488	400.526055	-160020.594351
20		404		1.00		-800.138614	-1567.306343	400.524752	-160019.552593
20		405		1.00		-800.138272	-1563.436403	400.523457	-160018.515982
20		406		1.00		-800.137931	-1559.585527	400.522167	-160017.484482
20		407		1.00		-800.137592	-1555.753575	400.520885	-160016.458053
20		408		1.00		-800.137255	-1551.940408	400.519608	-160015.436659
20		409		1.00		-800.136919	-1548.145886	400.518337	-160014.420263
20		410		1.00		-800.136585	-1544.369875	400.517073	-160013.408828
20		411		1.00		-800.136253	-1540.612239	400.515815	-160012.402318
20		412		1.00		-800.135922	-1536.872844	400.514563	-160011.400698
20		413		1.00		-800.135593	-1533.151557	400.513317	-160010.403930
20		414		1.00		-800.135266	-1529.448249	400.512077	-160009.411982
20		415		1.00		-800.134940	-1525.762787	400.510843	-160008.424816
20		416		1.00		-800.134615	-1522.095044	400.509615	-160007.442400
20		417		1.00		-800.134293	-1518.444893	400.508393	-160006.464699
20		418		1.00		-800.133971	-1514.812207	400.507177	-160005.491678
20		419		1.00		-800.133652	-1511.196860	400.505967	-160004.523305
20		420		1.00		-800.133333	-1507.598730	400.504762	-160003.559546
20		421		1.00		-800.133017	-1504.017693	400.503563	-160002.600369
20		422		1.00		-800.132701	-1500.453629	400.502370	-160001.645740
20		423		1.00		-800.132388	-1496.906415	400.501182	-160000.695628
20		424		1.00		-800.132075	-1493.375934	400.500000	-159999.750000
20		425		1.00		-800.131765	-1489.862068	400.498824	-159998.808825
20		426		1.00		-800.112676	-1486.209879	400.492958	-159994.116247
20		427		1.00		-800.112412	-1482.729264	400.491803	-159993.192690
20		428		1.00		-800.112150	-1479.264914	400.490654	-159992.273452
20		429		1.00		-800.111888	-1475.816715	400.489510	-159991.358502
20		430		1.00		-800.111628	-1472.384554	400.488372	-159990.447810
20		431		1.00		-800.111369	-1468.968320	400.487239	-159989.541346
20		432		1.00		-800.111111	-1465.567901	400.486111	-159988.639082
20		433		1.00		-800.110855	-1462.183189	400.484988	-159987.740987
20		434		1.00		-800.110599	-1458.814075	400.483871	-159986.847034
20		435		1.00		-800.110345	-1455.460452	400.482759	-159985.957194
20		436		1.00		-800.110092	-1452.122212	400.481651	-159985.071438
20		437		1.00		-800.109840	-1448.799250	400.480549	-159984.189738
20		438		1.00		-800.109589	-1445.491462	400.479452	-159983.312066
20		439		1.00		-800.109339	-1442.198743	400.478360	-159982.438395
20		440		1.00		-800.109091	-1438.920992	400.477273	-159981.568698
20		441		1.00		-800.108844	-1435.658105	400.476190	-159980.702948
20		442		1.00		-800.108597	-1432.409983	400.475113	-159979.841117
20		443		1.00		-800.108352	-1429.176526	400.474041	-159978.983180
20		444		1.00		-800.090090	-1425.809918	400.468468	-159974.525769
20		445		1.00		-800.089888	-1422.605833	400.467416	-159973.683646
20		446		1.00		-800.089686	-1419.416115	400.466368	-159972.845302
20		447		1.00		-800.089485	-1416.240670	400.465324	-159972.010710
20		448		1.00		-800.089286	-1413.079401	400.464286	-159971.179847
20		449		1.00		-800.089087	-1409.932213	400.463252	-159970.352687
20		450		1.00		-800.088889	-1406.799012	400.462222	-159969.529205
20		451		1.00		-800.088692	-1403.679707	400.461197	-159968.709377
20		452		1.00		-800.088496	-1400.574203	400.460177	-159967.893179
20		453		1.00		-800.088300	-1397.482411	400.459161	-159967.080586
20		454		1.00		-800.088106	-1394.404238	400.458150	-159966.271575
20		455		1.00		-800.087912	-1391.339597	400.457143	-159965.466122
20		456		1.00		-800.087719	-1388.288396	400.456140	-159964.664204
20		457		1.00		-800.087527	-1385.250549	400.455142	-159963.865798
20		458		1.00		-800.087336	-1382.225968	400.454148	-159963.070880
20		459		1.00		-800.087146	-1379.214566	400.453159	-159962.279427
20		460		1.00		-800.086957	-1376.216257	400.452174	-159961.491418
20		461		1.00		-800.086768	-1373.230956	400.451193	-159960.706829
20		462		1.00		-800.069264	-1370.117352	400.445887	-159956.462885
20		463		1.00		-800.069114	-1367.158125	400.444924	-159955.692558
20		464		1.00		-800.068966	-1364.211653	400.443966	-159954.925554
20		465		1.00		-800.068817	-1361.277854	400.443011	-159954.161850
20		466		1.00		-800.068670	-1358.356647	400.442060	-159953.401426
20		467		1.00		-800.068522	-1355.447950	400.441113	-159952.644260
20		468		1.00		-800.068376	-1352.551684	400.440171	-159951.890332
20		469		1.00		-800.068230	-1349.667768	400.439232	-159951.139620
20		470		1.00		-800.068085	-1346.796125	400.438298	-159950.392105
20		471		1.00		-800.067941	-1343.936675	400.437367	-159949.647766
20		472		1.00		-800.067797	-1341.089342	400.436441	-159948.906582
20		473		1.00		-800.067653	-1338.254048	400.435518	-159948.168534
20		474		1.00		-800.067511	-1335.430718	400.434599	-159947.433602
20		475		1.00		-800.067368	-1332.619275	400.433684	-159946.701766
20		476		1.00		-800.067227	-1329.819646	400.432773	-159945.973007
20		477		1.00		-800.050314	-1326.895613	400.427673	-159941.893596
20		478		1.00		-800.050209	-1324.119676	400.426778	-159941.177956
20		479		1.00		-800.050104	-1321.355329	400.425887	-159940.465305
20		480		1.00		-800.050000	-1318.602500	400.425000	-159939.755625
20		481		1.00		-800.049896	-1315.861117	400.424116	-159939.048898
20		482		1.00		-800.049793	-1313.131110	400.423237	-159938.345104
20		483		1.00		-800.049689	-1310.412407	400.422360	-159937.644227
20		484		1.00		-800.049587	-1307.704938	400.421488	-159936.946247
20		485		1.00		-800.049485	-1305.008634	400.420619	-159936.251147
20		486		1.00		-800.049383	-1302.323426	400.419753	-159935.558909
20		487		1.00		-800.049281	-1299.649246	400.418891	-159934.869515
20		488		1.00		-800.049180	-1296.986025	400.418033	-159934.182948
20		489		1.00		-800.049080	-1294.333697	400.417178	-159933.499191
20		490		1.00		-800.048980	-1291.692195	400.416327	-159932.818226
20		491		1.00		-800.048880	-1289.061452	400.415479	-159932.140036
20		492		1.00		-800.048780	-1286.441404	400.414634	-159931.464604
20		493		1.00		-800.048682	-1283.831984	400.413793	-159930.791914
20		494		1.00		-800.048583	-1281.233130	400.412955	-159930.121949
20		495		1.00		-800.048485	-1278.644775	400.412121	-159929.454692
20		496		1.00		-800.048387	-1276.066857	400.411290	-159928.790127
20		497		1.00		-800.032193	-1273.369246	400.406439	-159924.909659
20		498		1.00		-800.016064	-1270.682989	400.401606	-159921.044822
20		499		1.00		-800.016032	-1268.136530	400.400802	-159920.401123
20		500		1.00		-800.016000	-1265.600256	400.400000	-159919.760000
20		501		1.00		-800.015968	-1263.074107	400.399202	-159919.121438
20		502		1.00		-800.015936	-1260.558023	400.398406	-159918.485421
20		503		1.00		-800.015905	-1258.051943	400.397614	-159917.851934
20		504		1.00		-800.015873	-1255.555808	400.396825	-159917.220962
20		505		1.00		-800.000000	-1252.942574	400.392079	-159913.425013
20		506		1.00		-800.000000	-1250.466403	400.391304	-159912.805293
20		507		1.00		-800.000000	-1248.000000	400.390533	-159912.188019
20		508		1.00		-800.000000	-1245.543307	400.389764	-159911.573176
20		509		1.00		-800.000000	-1243.096267	400.388998	-159910.960750
20		510		1.00		-800.000000	-1240.658824	400.388235	-159910.350727
20		511		1.00		-800.000000	-1238.230920	400.387476	-159909.743092
20		512		1.00		-799.984375	-1235.687744	400.382812	-159906.013733
20		513		1.00		-799.984405	-1233.278996	400.382066	-159905.416930
20		514		1.00		-799.984436	-1230.879620	400.381323	-159904.822450
20		515		1.00		-799.984466	-1228.489562	400.380583	-159904.230280
20		516		1.00		-799.984496	-1226.108768	400.379845	-159903.640406
20		517		1.00		-799.984526	-1223.737183	400.379110	-159903.052815
20		518		1.00		-799.984556	-1221.374756	400.378378	-159902.467495
20		519		1.00		-799.984586	-1219.021432	400.377649	-159901.884430
20		520		1.00		-799.969231	-1216.554793	400.373077	-159898.227648
20		521		1.00		-799.969290	-1214.219753	400.372361	-159897.654967
20		522		1.00		-799.969349	-1211.893660	400.371648	-159897.084482
20		523		1.00		-799.969407	-1209.576462	400.370937	-159896.516179
20		524		1.00		-799.969466	-1207.268108	400.370229	-159895.950047
20		525		1.00		-799.969524	-1204.968548	400.369524	-159895.386072
20		526		1.00		-799.969582	-1202.677731	400.368821	-159894.824242
20		527		1.00		-799.969639	-1200.395609	400.368121	-159894.264546
20		528		1.00		-799.954545	-1198.002066	400.363636	-159890.677686
20		529		1.00		-799.954631	-1195.737408	400.362949	-159890.127951
20		530		1.00		-799.954717	-1193.481296	400.362264	-159889.580292
20		531		1.00		-799.954802	-1191.233681	400.361582	-159889.034696
20		532		1.00		-799.954887	-1188.994516	400.360902	-159888.491153
20		533		1.00		-799.954972	-1186.763754	400.360225	-159887.949650
20		534		1.00		-799.955056	-1184.541346	400.359551	-159887.410175
20		535		1.00		-799.955140	-1182.327246	400.358879	-159886.872719
20		536		1.00		-799.955224	-1180.121408	400.358209	-159886.337269
20		537		1.00		-799.955307	-1177.923785	400.357542	-159885.803814
20		538		1.00		-799.955390	-1175.734332	400.356877	-159885.272343
20		539		1.00		-799.955473	-1173.553003	400.356215	-159884.742845
20		540		1.00		-799.955556	-1171.379753	400.355556	-159884.215309
20		541		1.00		-799.955638	-1169.214537	400.354898	-159883.689724
20		542		1.00		-799.955720	-1167.057311	400.354244	-159883.166079
20		543		1.00		-799.955801	-1164.908031	400.353591	-159882.644364
20		544		1.00		-799.955882	-1162.766652	400.352941	-159882.124567
20		545		1.00		-799.955963	-1160.633132	400.352294	-159881.606680
20		546		1.00		-799.956044	-1158.507427	400.351648	-159881.090690
20		547		1.00		-799.956124	-1156.389494	400.351005	-159880.576587
20		548		1.00		-799.956204	-1154.279290	400.350365	-159880.064361
20		549		1.00		-799.941712	-1152.061685	400.346084	-159876.640721
20		550		1.00		-799.927273	-1149.852562	400.341818	-159873.229567
20		551		1.00		-799.927405	-1147.765706	400.341198	-159872.733476
20		552		1.00		-799.927536	-1145.686410	400.340580	-159872.239183
20		553		1.00		-799.927667	-1143.614635	400.339964	-159871.746678
20		554		1.00		-799.913357	-1141.437110	400.335740	-159868.369039
20		555		1.00		-799.913514	-1139.380453	400.335135	-159867.885289
20		556		1.00		-799.913669	-1137.331194	400.334532	-159867.403279
20		557		1.00		-799.913824	-1135.289293	400.333932	-159866.923001
20		558		1.00		-799.913978	-1133.254712	400.333333	-159866.444444
20		559		1.00		-799.914132	-1131.227409	400.332737	-159865.967601
20		560		1.00		-799.914286	-1129.207347	400.332143	-159865.492462
20		561		1.00		-799.914439	-1127.194487	400.331551	-159865.019017
20		562		1.00		-799.914591	-1125.188789	400.330961	-159864.547258
20		563		1.00		-799.914742	-1123.190217	400.330373	-159864.077175
20		564		1.00		-799.914894	-1121.198732	400.329787	-159863.608760
20		565		1.00		-799.900885	-1119.103629	400.325664	-159860.311367
20		566		1.00		-799.901060	-1117.126397	400.325088	-159859.851265
20		567		1.00		-799.901235	-1115.156139	400.324515	-159859.392788
20		568		1.00		-799.901408	-1113.192819	400.323944	-159858.935925
20		569		1.00		-799.901582	-1111.236400	400.323374	-159858.480669
20		570		1.00		-799.901754	-1109.286845	400.322807	-159858.027011
20		571		1.00		-799.901926	-1107.344119	400.322242	-159857.574943
20		572		1.00		-799.902098	-1105.408186	400.321678	-159857.124456
20		573		1.00		-799.902269	-1103.479010	400.321117	-159856.675542
20		574		1.00		-799.902439	-1101.556556	400.320557	-159856.228193
20		575		1.00		-799.902609	-1099.640789	400.320000	-159855.782400
20		576		1.00		-799.902778	-1097.731674	400.319444	-159855.338156
20		577		1.00		-799.889081	-1095.721142	400.315425	-159852.123756
20		578		1.00		-799.889273	-1093.825409	400.314879	-159851.687384
20		579		1.00		-799.889465	-1091.936225	400.314335	-159851.252520
20		580		1.00		-799.875862	-1089.946445	400.310345	-159848.061831
20		581		1.00		-799.876076	-1088.070435	400.309811	-159847.634709
20		582		1.00		-799.876289	-1086.200872	400.309278	-159847.209055
20		583		1.00		-799.876501	-1084.337722	400.308748	-159846.784862
20		584		1.00		-799.876712	-1082.480953	400.308219	-159846.362122
20		585		1.00		-799.876923	-1080.630533	400.307692	-159845.940828
20		586		1.00		-799.877133	-1078.786427	400.307167	-159845.520973
20		587		1.00		-799.877342	-1076.948605	400.306644	-159845.102548
20		588		1.00		-799.877551	-1075.117035	400.306122	-159844.685548
20		589		1.00		-799.877759	-1073.291683	400.305603	-159844.269963
20		590		1.00		-799.877966	-1071.472519	400.305085	-159843.855789
20		591		1.00		-799.878173	-1069.659512	400.304569	-159843.443016
20		592		1.00		-799.878378	-1067.852630	400.304054	-159843.031638
20		593		1.00		-799.878583	-1066.051841	400.303541	-159842.621648
20		594		1.00		-799.865320	-1064.152819	400.299663	-159839.520775
20		595		1.00		-799.852101	-1062.260530	400.295798	-159836.430354
20		596		1.00		-799.852349	-1060.478177	400.295302	-159836.033512
20		597		1.00		-799.839196	-1058.598722	400.291457	-159832.959319
20		598		1.00		-799.839465	-1056.828447	400.290970	-159832.569613
20		599		1.00		-799.839733	-1055.064083	400.290484	-159832.181209
20		600		1.00		-799.840000	-1053.305600	400.290000	-159831.794100
20		601		1.00		-799.840266	-1051.552969	400.289517	-159831.408280
20		602		1.00		-799.840532	-1049.806161	400.289037	-159831.023741
20		603		1.00		-799.840796	-1048.065147	400.288557	-159830.640479
20		604		1.00		-799.827815	-1046.228323	400.284768	-159827.610894
20		605		1.00		-799.801653	-1044.085623	400.277686	-159821.948184
20		606		1.00		-799.801980	-1042.362644	400.277228	-159821.581806
20		607		1.00		-799.802306	-1040.645343	400.276771	-159821.216635
20		608		1.00		-799.802632	-1038.933691	400.276316	-159820.852666
20		609		1.00		-799.789819	-1037.127920	400.272578	-159817.864118
20		610		1.00		-799.777049	-1035.328396	400.268852	-159814.885396
20		611		1.00		-799.777414	-1033.633833	400.268412	-159814.533584
20		612		1.00		-799.777778	-1031.944808	400.267974	-159814.182921
20		613		1.00		-799.778140	-1030.261294	400.267537	-159813.833403
20		614		1.00		-799.778502	-1028.583263	400.267101	-159813.485024
20		615		1.00		-799.778862	-1026.910691	400.266667	-159813.137778
20		616		1.00		-799.779221	-1025.243549	400.266234	-159812.791660
20		617		1.00		-799.779579	-1023.581811	400.265802	-159812.446664
20		618		1.00		-799.779935	-1021.925451	400.265372	-159812.102785
20		619		1.00		-799.780291	-1020.274443	400.264943	-159811.760017
20		620		1.00		-799.780645	-1018.628762	400.264516	-159811.418356
20		621		1.00		-799.768116	-1016.891129	400.260870	-159808.502836
20		622		1.00		-799.755627	-1015.159397	400.257235	-159805.596716
20		623		1.00		-799.756019	-1013.529832	400.256822	-159805.266600
20		624		1.00		-799.756410	-1011.905490	400.256410	-159804.937541
20		625		1.00		-799.756800	-1010.286346	400.256000	-159804.609536
20		626		1.00		-799.757188	-1008.672376	400.255591	-159804.282579
20		627		1.00		-799.757576	-1007.063554	400.255183	-159803.956666
20		628		1.00		-799.757962	-1005.459856	400.254777	-159803.631790
20		629		1.00		-799.758347	-1003.861258	400.254372	-159803.307948
20		630		1.00		-799.758730	-1002.267735	400.253968	-159802.985135
20		631		1.00		-799.759113	-1000.679263	400.253566	-159802.663345
20		632		1.00		-799.759494	-999.095818	400.253165	-159802.342573
20		633		1.00		-799.759874	-997.517376	400.252765	-159802.022816
20		634		1.00		-799.760252	-995.943914	400.252366	-159801.704067
20		635		1.00		-799.760630	-994.375408	400.251969	-159801.386323
20		636		1.00		-799.761006	-992.811835	400.251572	-159801.069578
20		637		1.00		-799.761381	-991.253171	400.251177	-159800.753828
20		638		1.00		-799.761755	-989.699394	400.250784	-159800.439068
20		639		1.00		-799.762128	-988.150480	400.250391	-159800.125294
20		640		1.00		-799.762500	-986.606406	400.250000	-159799.812500
20		641		1.00		-799.762871	-985.067151	400.249610	-159799.500683
20		642		1.00		-799.763240	-983.532691	400.249221	-159799.189837
20		643		1.00		-799.763608	-982.003004	400.248834	-159798.879959
20		644		1.00		-799.763975	-980.478068	400.248447	-159798.571043
20		645		1.00		-799.764341	-978.957861	400.248062	-159798.263085
20		646		1.00		-799.764706	-977.442360	400.247678	-159797.956081
20		647		1.00		-799.765070	-975.931545	400.247295	-159797.650027
20		648		1.00		-799.765432	-974.425392	400.246914	-159797.344917
20		649		1.00		-799.753467	-972.831195	400.243451	-159794.576988
20		650		1.00		-799.753846	-971.334438	400.243077	-159794.277548
20		651		1.00		-799.754224	-969.842280	400.242704	-159793.979028
20		652		1.00		-799.742331	-968.262712	400.239264	-159791.229026
20		653		1.00		-799.742726	-966.779819	400.238897	-159790.936092
20		654		1.00		-799.743119	-965.301462	400.238532	-159790.644054
20		655		1.00		-799.743511	-963.827618	400.238168	-159790.352907
20		656		1.00		-799.743902	-962.358269	400.237805	-159790.062649
20		657		1.00		-799.744292	-960.893393	400.237443	-159789.773274
20		658		1.00		-799.744681	-959.432969	400.237082	-159789.484779
20		659		1.00		-799.732929	-957.886198	400.233687	-159786.770847
20		660		1.00		-799.733333	-956.434747	400.233333	-159786.487778
20		661		1.00		-799.733737	-954.987689	400.232980	-159786.205566
20		662		1.00		-799.734139	-953.545002	400.232628	-159785.924207
20		663		1.00		-799.734540	-952.106668	400.232278	-159785.643696
20		664		1.00		-799.734940	-950.672667	400.231928	-159785.364031
20		665		1.00		-799.735338	-949.242978	400.231579	-159785.085208
20		666		1.00		-799.735736	-947.817583	400.231231	-159784.807222
20		667		1.00		-799.736132	-946.396463	400.230885	-159784.530069
20		668		1.00		-799.736527	-944.979598	400.230539	-159784.253747
20		669		1.00		-799.736921	-943.566969	400.230194	-159783.978251
20		670		1.00		-799.737313	-942.158556	400.229851	-159783.703578
20		671		1.00		-799.737705	-940.754343	400.229508	-159783.429723
20		672		1.00		-799.738095	-939.354308	400.229167	-159783.156684
20		673		1.00		-799.738484	-937.958435	400.228826	-159782.884457
20		674		1.00		-799.738872	-936.566704	400.228487	-159782.613037
20		675		1.00		-799.739259	-935.179097	400.228148	-159782.342422
20		676		1.00		-799.739645	-933.795595	400.227811	-159782.072608
20		677		1.00		-799.740030	-932.416181	400.227474	-159781.803591
20		678		1.00		-799.740413	-931.040837	400.227139	-159781.535368
20		679		1.00		-799.740795	-929.669543	400.226804	-159781.267935
20		680		1.00		-799.723529	-928.099965	400.220588	-159776.298659
20		681		1.00		-799.706314	-926.535591	400.214391	-159771.344054
20		682		1.00		-799.695015	-925.090084	400.211144	-159768.748394
20		683		1.00		-799.695461	-923.735496	400.210835	-159768.501259
20		684		1.00		-799.684211	-922.298553	400.207602	-159765.917368
20		685		1.00		-799.684672	-920.951987	400.207299	-159765.675090
20		686		1.00		-799.685131	-919.609346	400.206997	-159765.433518
20		687		1.00		-799.685590	-918.270615	400.206696	-159765.192650
20		688		1.00		-799.686047	-916.935776	400.206395	-159764.952483
20		689		1.00		-799.686502	-915.604812	400.206096	-159764.713012
20		690		1.00		-799.686957	-914.277706	400.205797	-159764.474237
20		691		1.00		-799.675832	-912.869195	400.202605	-159761.922380
20		692		1.00		-799.676301	-911.549868	400.202312	-159761.688329
20		693		1.00		-799.676768	-910.234349	400.202020	-159761.454954
20		694		1.00		-799.677233	-908.922622	400.201729	-159761.222251
20		695		1.00		-799.677698	-907.614670	400.201439	-159760.990218
20		696		1.00		-799.666667	-906.226054	400.198276	-159758.461727
20		697		1.00		-799.667145	-904.925714	400.197991	-159758.234323
20		698		1.00		-799.667622	-903.629100	400.197708	-159758.007570
20		699		1.00		-799.668097	-902.336197	400.197425	-159757.781466
20		700		1.00		-799.668571	-901.046988	400.197143	-159757.556008
20		701		1.00		-799.657632	-899.677844	400.194009	-159755.050478
20		702		1.00		-799.658120	-898.396084	400.193732	-159754.829555
20		703		1.00		-799.658606	-897.117972	400.193457	-159754.609260
20		704		1.00		-799.647727	-895.760460	400.190341	-159752.118616
20		705		1.00		-799.636879	-894.407034	400.187234	-159749.635057
20		706		1.00		-799.626062	-893.057676	400.184136	-159747.158552
20		707		1.00		-799.603960	-891.449634	400.178218	-159742.427801
20		708		1.00		-799.604520	-890.190303	400.177966	-159742.226587
20		709		1.00		-799.605078	-888.934525	400.177715	-159742.025941
20		710		1.00		-799.605634	-887.682285	400.177465	-159741.825860
20		711		1.00		-799.606188	-886.433569	400.177215	-159741.626342
20		712		1.00		-799.606742	-885.188360	400.176966	-159741.427384
20		713		1.00		-799.607293	-883.946645	400.176718	-159741.228985
20		714		1.00		-799.607843	-882.708409	400.176471	-159741.031142
20		715		1.00		-799.608392	-881.473637	400.176224	-159740.833852
20		716		1.00		-799.608939	-880.242315	400.175978	-159740.637113
20		717		1.00		-799.609484	-879.014427	400.175732	-159740.440924
20		718		1.00		-799.610028	-877.789961	400.175487	-159740.245281
20		719		1.00		-799.610570	-876.568902	400.175243	-159740.050182
20		720		1.00		-799.611111	-875.351235	400.175000	-159739.855625
20		721		1.00		-799.611650	-874.136946	400.174757	-159739.661608
20		722		1.00		-799.612188	-872.926021	400.174515	-159739.468129
20		723		1.00		-799.612725	-871.718447	400.174274	-159739.275185
20		724		1.00		-799.613260	-870.514209	400.174033	-159739.082774
20		725		1.00		-799.613793	-869.313294	400.173793	-159738.890894
20		726		1.00		-799.614325	-868.115687	400.173554	-159738.699542
20		727		1.00		-799.614856	-866.921376	400.173315	-159738.508718
20		728		1.00		-799.615385	-865.730347	400.173077	-159738.318417
20		729		1.00		-799.615912	-864.542585	400.172840	-159738.128639
20		730		1.00		-799.616438	-863.358078	400.172603	-159737.939381
20		731		1.00		-799.616963	-862.176813	400.172367	-159737.750640
20		732		1.00		-799.617486	-860.998776	400.172131	-159737.562416
20		733		1.00		-799.618008	-859.823953	400.171896	-159737.374705
20		734		1.00		-799.618529	-858.652332	400.171662	-159737.187506
20		735		1.00		-799.619048	-857.483900	400.171429	-159737.000816
20		736		1.00		-799.619565	-856.318644	400.171196	-159736.814634
20		737		1.00		-799.620081	-855.156550	400.170963	-159736.628957
20		738		1.00		-799.620596	-853.997606	400.170732	-159736.443783
20		739		1.00		-799.610284	-852.763516	400.167794	-159734.095814
20		740		1.00		-799.600000	-851.532973	400.164865	-159731.754207
20		741		1.00		-799.600540	-850.383590	400.164642	-159731.576365
20		742		1.00		-799.601078	-849.237306	400.164420	-159731.399002
20		743		1.00		-799.601615	-848.094108	400.164199	-159731.222116
20		744		1.00		-799.602151	-846.953983	400.163978	-159731.045706
20		745		1.00		-799.602685	-845.816920	400.163758	-159730.869770
20		746		1.00		-799.603217	-844.682906	400.163539	-159730.694305
20		747		1.00		-799.603748	-843.551928	400.163320	-159730.519311
20		748		1.00		-799.593583	-842.346993	400.160428	-159728.207555
20		749		1.00		-799.594126	-841.222144	400.160214	-159728.036349
20		750		1.00		-799.594667	-840.100295	400.160000	-159727.865600
20		751		1.00		-799.595206	-838.981434	400.159787	-159727.695306
20		752		1.00		-799.595745	-837.865550	400.159574	-159727.525464
20		753		1.00		-799.596282	-836.752630	400.159363	-159727.356074
20		754		1.00		-799.596817	-835.642663	400.159151	-159727.187133
20		755		1.00		-799.597351	-834.535636	400.158940	-159727.018640
20		756		1.00		-799.597884	-833.431539	400.158730	-159726.850592
20		757		1.00		-799.598415	-832.330359	400.158520	-159726.682989
20		758		1.00		-799.598945	-831.232086	400.158311	-159726.515828
20		759		1.00		-799.599473	-830.136706	400.158103	-159726.349107
20		760		1.00		-799.600000	-829.044211	400.157895	-159726.182825
20		761		1.00		-799.600526	-827.954586	400.157687	-159726.016981
20		762		1.00		-799.601050	-826.867823	400.157480	-159725.851572
20		763		1.00		-799.601573	-825.783908	400.157274	-159725.686596
20		764		1.00		-799.602094	-824.702832	400.157068	-159725.522053
20		765		1.00		-799.592157	-823.549343	400.154248	-159723.268237
20		766		1.00		-799.592689	-822.473996	400.154047	-159723.107281
20		767		1.00		-799.593220	-821.401454	400.153846	-159722.946746
20		768		1.00		-799.593750	-820.331706	400.153646	-159722.786628
20		769		1.00		-799.594278	-819.264740	400.153446	-159722.626927
20		770		1.00		-799.594805	-818.200546	400.153247	-159722.467640
20		771		1.00		-799.595331	-817.139114	400.153048	-159722.308767
20		772		1.00		-799.595855	-816.080432	400.152850	-159722.150306
20		773		1.00		-799.596378	-815.024489	400.152652	-159721.992255
20		774		1.00		-799.596899	-813.971276	400.152455	-159721.834612
20		775		1.00		-799.597419	-812.920781	400.152258	-159721.677376
20		776		1.00		-799.597938	-811.872994	400.152062	-159721.520545
20		777		1.00		-799.598456	-810.827905	400.151866	-159721.364119
20		778		1.00		-799.598972	-809.785502	400.151671	-159721.208094
20		779		1.00		-799.599487	-808.745777	400.151476	-159721.052470
20		780		1.00		-799.600000	-807.708718	400.151282	-159720.897245
20		781		1.00		-799.600512	-806.674315	400.151088	-159720.742418
20		782		1.00		-799.601023	-805.642559	400.150895	-159720.587987
20		783		1.00		-799.591315	-804.539948	400.148148	-159718.392318
20		784		1.00		-799.591837	-803.513536	400.147959	-159718.241280
20		785		1.00		-799.592357	-802.489740	400.147771	-159718.090626
20		786		1.00		-799.592875	-801.468549	400.147583	-159717.940356
20		787		1.00		-799.583227	-800.377003	400.144854	-159715.759229
20		788		1.00		-799.583756	-799.361076	400.144670	-159715.612300
20		789		1.00		-799.584284	-798.347725	400.144487	-159715.465743
20		790		1.00		-799.584810	-797.336940	400.144304	-159715.319558
20		791		1.00		-799.585335	-796.328711	400.144121	-159715.173742
20		792		1.00		-799.585859	-795.323028	400.143939	-159715.028294
20		793		1.00		-799.586381	-794.319883	400.143758	-159714.883214
20		794		1.00		-799.586902	-793.319265	400.143577	-159714.738498
20		795		1.00		-799.587421	-792.321165	400.143396	-159714.594147
20		796		1.00		-799.587940	-791.325573	400.143216	-159714.450159
20		797		1.00		-799.588457	-790.332480	400.143036	-159714.306532
20		798		1.00		-799.588972	-789.341876	400.142857	-159714.163265
20		799		1.00		-799.579474	-788.281973	400.140175	-159712.019649
20		800		1.00		-799.570000	-787.224900	400.137500	-159709.881406
20		801		1.00		-799.570537	-786.241867	400.137328	-159709.744202
20		802		1.00		-799.571072	-785.261286	400.137157	-159709.607341
20		803		1.00		-799.571606	-784.283147	400.136986	-159709.470820
20		804		1.00		-799.572139	-783.307443	400.136816	-159709.334639
20		805		1.00		-799.572671	-782.334163	400.136646	-159709.198796
20		806		1.00		-799.573201	-781.363299	400.136476	-159709.063291
20		807		1.00		-799.573730	-780.394841	400.136307	-159708.928121
20		808		1.00		-799.574257	-779.428781	400.136139	-159708.793286
20		809		1.00		-799.574784	-778.465111	400.135970	-159708.658785
20		810		1.00		-799.575309	-777.503820	400.135802	-159708.524615
20		811		1.00		-799.575832	-776.544900	400.135635	-159708.390777
20		812		1.00		-799.576355	-775.588342	400.135468	-159708.257268
20		813		1.00		-799.576876	-774.634139	400.135301	-159708.124088
20		814		1.00		-799.577396	-773.682280	400.135135	-159707.991234
20		815		1.00		-799.577914	-772.732758	400.134969	-159707.858708
20		816		1.00		-799.578431	-771.785563	400.134804	-159707.726505
20		817		1.00		-799.578947	-770.840688	400.134639	-159707.594627
20		818		1.00		-799.569682	-769.828205	400.132029	-159705.508874
20		819		1.00		-799.570208	-768.888018	400.131868	-159705.380027
20		820		1.00		-799.570732	-767.950125	400.131707	-159705.251493
20		821		1.00		-799.571255	-767.014517	400.131547	-159705.123273
20		822		1.00		-799.571776	-766.081186	400.131387	-159704.995365
20		823		1.00		-799.572296	-765.150123	400.131227	-159704.867767
20		824		1.00		-799.572816	-764.221322	400.131068	-159704.740480
20		825		1.00		-799.573333	-763.294772	400.130909	-159704.613501
20		826		1.00		-799.573850	-762.370466	400.130751	-159704.486829
20		827		1.00		-799.574365	-761.448396	400.130593	-159704.360464
20		828		1.00		-799.565217	-760.459567	400.128019	-159702.303829
20		829		1.00		-799.565742	-759.542018	400.127865	-159702.180403
20		830		1.00		-799.566265	-758.626680	400.127711	-159702.057274
20		831		1.00		-799.566787	-757.713546	400.127557	-159701.934442
20		832		1.00		-799.567308	-756.802607	400.127404	-159701.811905
20		833		1.00		-799.567827	-755.893856	400.127251	-159701.689662
20		834		1.00		-799.568345	-754.987285	400.127098	-159701.567713
20		835		1.00		-799.568862	-754.082886	400.126946	-159701.446055
20		836		1.00		-799.569378	-753.180651	400.126794	-159701.324689
20		837		1.00		-799.569892	-752.280572	400.126643	-159701.203613
20		838		1.00		-799.570406	-751.382642	400.126492	-159701.082826
20		839		1.00		-799.570918	-750.486853	400.126341	-159700.962327
20		840		1.00		-799.571429	-749.593197	400.126190	-159700.842115
20		841		1.00		-799.571938	-748.701667	400.126040	-159700.722188
20		842		1.00		-799.572447	-747.812256	400.125891	-159700.602547
20		843		1.00		-799.572954	-746.924955	400.125741	-159700.483189
20		844		1.00		-799.573460	-746.039757	400.125592	-159700.364115
20		845		1.00		-799.573964	-745.156654	400.125444	-159700.245322
20		846		1.00		-799.555556	-743.989493	400.120567	-159696.347870
20		847		1.00		-799.541913	-742.953646	400.115702	-159692.459668
20		848		1.00		-799.533019	-742.010524	400.113208	-159690.465646
20		849		1.00		-799.524146	-741.069782	400.110718	-159688.476334
20		850		1.00		-799.515294	-740.131410	400.108235	-159686.491715
20		851		1.00		-799.506463	-739.195400	400.105758	-159684.511772
20		852		1.00		-799.497653	-738.261743	400.103286	-159682.536490
20		853		1.00		-799.488863	-737.330429	400.100821	-159680.565851
20		854		1.00		-799.489461	-736.466739	400.100703	-159680.471499
20		855		1.00		-799.490058	-735.605070	400.100585	-159680.377369
20		856		1.00		-799.490654	-734.745414	400.100467	-159680.283458
20		857		1.00		-799.491249	-733.887766	400.100350	-159680.189767
20		858		1.00		-799.491841	-733.032118	400.100233	-159680.096294
20		859		1.00		-799.492433	-732.178462	400.100116	-159680.003038
20		860		1.00		-799.493023	-731.326793	400.100000	-159679.910000
20		861		1.00		-799.493612	-730.477102	400.099884	-159679.817178
20		862		1.00		-799.494200	-729.629384	400.099768	-159679.724571
20		863		1.00		-799.494786	-728.783631	400.099652	-159679.632179
20		864		1.00		-799.495370	-727.939836	400.099537	-159679.540000
20		865		1.00		-799.495954	-727.097993	400.099422	-159679.448035
20		866		1.00		-799.496536	-726.258095	400.099307	-159679.356282
20		867		1.00		-799.497116	-725.420135	400.099193	-159679.264741
20		868		1.00		-799.497696	-724.584107	400.099078	-159679.173411
20		869		1.00		-799.498274	-723.750003	400.098964	-159679.082291
20		870		1.00		-799.498851	-722.917817	400.098851	-159678.991381
20		871		1.00		-799.499426	-722.087543	400.098737	-159678.900679
20		872		1.00		-799.500000	-721.259174	400.098624	-159678.810185
20		873		1.00		-799.500573	-720.432704	400.098511	-159678.719899
20		874		1.00		-799.501144	-719.608125	400.098398	-159678.629819
20		875		1.00		-799.501714	-718.785432	400.098286	-159678.539946
20		876		1.00		-799.502283	-717.964617	400.098174	-159678.450277
20		877		1.00		-799.502851	-717.145675	400.098062	-159678.360813
20		878		1.00		-799.503417	-716.328599	400.097950	-159678.271553
20		879		1.00		-799.503982	-715.513383	400.097838	-159678.182496
20		880		1.00		-799.504545	-714.700021	400.097727	-159678.093642
20		881		1.00		-799.505108	-713.888505	400.097616	-159678.004989
20		882		1.00		-799.505669	-713.078830	400.097506	-159677.916537
20		883		1.00		-799.506229	-712.270990	400.097395	-159677.828285
20		884		1.00		-799.506787	-711.464978	400.097285	-159677.740234
20		885		1.00		-799.507345	-710.660788	400.097175	-159677.652381
20		886		1.00		-799.507901	-709.858415	400.097065	-159677.564726
20		887		1.00		-799.508455	-709.057851	400.096956	-159677.477270
20		888		1.00		-799.500000	-708.195946	400.094595	-159675.590029
20		889		1.00		-799.487064	-707.250730	400.089989	-159671.909110
20		890		1.00		-799.487640	-706.455771	400.089888	-159671.828305
20		891		1.00		-799.488215	-705.662597	400.089787	-159671.747680
20		892		1.00		-799.488789	-704.871202	400.089686	-159671.667236
20		893		1.00		-799.489362	-704.081580	400.089586	-159671.586973
20		894		1.00		-799.489933	-703.293726	400.089485	-159671.506889
20		895		1.00		-799.490503	-702.507632	400.089385	-159671.426984
20		896		1.00		-799.491071	-701.723294	400.089286	-159671.347258
20		897		1.00		-799.491639	-700.940705	400.089186	-159671.267709
20		898		1.00		-799.492205	-700.159860	400.089087	-159671.188337
20		899		1.00		-799.492770	-699.380753	400.088988	-159671.109142
20		900		1.00		-799.493333	-698.603378	400.088889	-159671.030123
20		901		1.00		-799.493896	-697.827729	400.088790	-159670.951280
20		902		1.00		-799.494457	-697.053800	400.088692	-159670.872611
20		903		1.00		-799.495017	-696.281586	400.088594	-159670.794117
20		904		1.00		-799.495575	-695.511082	400.088496	-159670.715796
20		905		1.00		-799.496133	-694.742280	400.088398	-159670.637648
20		906		1.00		-799.496689	-693.975177	400.088300	-159670.559673
20		907		1.00		-799.497244	-693.209765	400.088203	-159670.481870
20		908		1.00		-799.497797	-692.446040	400.088106	-159670.404238
20		909		1.00		-799.498350	-691.683996	400.088009	-159670.326777
20		910		1.00		-799.498901	-690.923628	400.087912	-159670.249487
20		911		1.00		-799.499451	-690.164929	400.087816	-159670.172366
20		912		1.00		-799.500000	-689.407895	400.087719	-159670.095414
20		913		1.00		-799.491785	-688.591250	400.085433	-159668.267978
20		914		1.00		-799.474836	-687.575579	400.080963	-159664.695833
20		915		1.00		-799.466667	-686.763133	400.078689	-159662.878323
20		916		1.00		-799.458515	-685.952594	400.076419	-159661.064792
20		917		1.00		-799.450382	-685.143956	400.074155	-159659.255226
20		918		1.00		-799.450980	-684.397283	400.074074	-159659.190672
20		919		1.00		-799.451578	-683.652236	400.073993	-159659.126258
20		920		1.00		-799.452174	-682.908809	400.073913	-159659.061985
20		921		1.00		-799.452769	-682.166997	400.073833	-159658.997851
20		922		1.00		-799.453362	-681.426795	400.073753	-159658.933856
20		923		1.00		-799.453954	-680.688198	400.073673	-159658.870000
20		924		1.00		-799.454545	-679.951200	400.073593	-159658.806282
20		925		1.00		-799.455135	-679.215797	400.073514	-159658.742702
20		926		1.00		-799.455724	-678.481982	400.073434	-159658.679259
20		927		1.00		-799.456311	-677.749751	400.073355	-159658.615953
20		928		1.00		-799.456897	-677.019099	400.073276	-159658.552783
20		929		1.00		-799.457481	-676.290021	400.073197	-159658.489750
20		930		1.00		-799.458065	-675.562511	400.073118	-159658.426852
20		931		1.00		-799.458647	-674.836565	400.073040	-159658.364089
20		932		1.00		-799.459227	-674.112177	400.072961	-159658.301461
20		933		1.00		-799.459807	-673.389343	400.072883	-159658.238967
20		934		1.00		-799.460385	-672.668058	400.072805	-159658.176607
20		935		1.00		-799.452406	-671.889164	400.070588	-159656.404983
20		936		1.00		-799.444444	-671.112061	400.068376	-159654.637154
20		937		1.00		-799.436499	-670.336743	400.066169	-159652.873108
20		938		1.00		-799.428571	-669.563204	400.063966	-159651.112834
20		939		1.00		-799.429180	-668.849797	400.063898	-159651.058396
20		940		1.00		-799.429787	-668.137909	400.063830	-159651.004074
20		941		1.00		-799.430393	-667.427534	400.063762	-159650.949868
20		942		1.00		-799.430998	-666.718668	400.063694	-159650.895777
20		943		1.00		-799.431601	-666.011306	400.063627	-159650.841800
20		944		1.00		-799.432203	-665.305444	400.063559	-159650.787938
20		945		1.00		-799.424339	-664.543026	400.061376	-159649.042920
20		946		1.00		-799.416490	-663.782344	400.059197	-159647.301601
20		947		1.00		-799.408659	-663.023391	400.057022	-159645.563970
20		948		1.00		-799.400844	-662.266161	400.054852	-159643.830013
20		949		1.00		-799.401475	-661.567926	400.054795	-159643.783824
20		950		1.00		-799.402105	-660.871162	400.054737	-159643.737733
20		951		1.00		-799.402734	-660.175864	400.054679	-159643.691739
20		952		1.00		-799.403361	-659.482028	400.054622	-159643.645841
20		953		1.00		-799.403987	-658.789649	400.054565	-159643.600039
20		954		1.00		-799.404612	-658.098721	400.054507	-159643.554334
20		955		1.00		-799.405236	-657.409242	400.054450	-159643.508724
20		956		1.00		-799.405858	-656.721206	400.054393	-159643.463210
20		957		1.00		-799.406479	-656.034608	400.054336	-159643.417790
20		958		1.00		-799.407098	-655.349445	400.054280	-159643.372466
20		959		1.00		-799.407716	-654.665711	400.054223	-159643.327236
20		960		1.00		-799.408333	-653.983403	400.054167	-159643.282101
20		961		1.00		-799.408949	-653.302515	400.054110	-159643.237059
20		962		1.00		-799.409563	-652.623044	400.054054	-159643.192111
20		963		1.00		-799.401869	-651.888394	400.051921	-159641.487639
20		964		1.00		-799.402490	-651.211790	400.051867	-159641.444599
20		965		1.00		-799.403109	-650.536590	400.051813	-159641.401648
20		966		1.00		-799.403727	-649.862788	400.051760	-159641.358787
20		967		1.00		-799.404343	-649.190381	400.051706	-159641.316014
20		968		1.00		-799.404959	-648.519363	400.051653	-159641.273329
20		969		1.00		-799.405573	-647.849732	400.051600	-159641.230733
20		970		1.00		-799.406186	-647.181482	400.051546	-159641.188224
20		971		1.00		-799.406797	-646.514609	400.051493	-159641.145803
20		972		1.00		-799.407407	-645.849108	400.051440	-159641.103469
20		973		1.00		-799.408016	-645.184977	400.051387	-159641.061222
20		974		1.00		-799.408624	-644.522210	400.051335	-159641.019062
20		975		1.00		-799.409231	-643.860803	400.051282	-159640.976989
20		976		1.00		-799.409836	-643.200752	400.051230	-159640.935002
20		977		1.00		-799.410440	-642.542054	400.051177	-159640.893100
20		978		1.00		-799.411043	-641.884703	400.051125	-159640.851284
20		979		1.00		-799.411645	-641.228695	400.051073	-159640.809554
20		980		1.00		-799.412245	-640.574027	400.051020	-159640.767909
20		981		1.00		-799.412844	-639.920695	400.050968	-159640.726349
20		982		1.00		-799.413442	-639.268694	400.050916	-159640.684874
20		983		1.00		-799.414039	-638.618020	400.050865	-159640.643482
20		984		1.00		-799.414634	-637.968669	400.050813	-159640.602175
20		985		1.00		-799.415228	-637.320638	400.050761	-159640.560952
20		986		1.00		-799.415822	-636.673922	400.050710	-159640.519813
20		987		1.00		-799.416413	-636.028517	400.050659	-159640.478757
20		988		1.00		-799.417004	-635.384419	400.050607	-159640.437784
20		989		1.00		-799.417594	-634.741624	400.050556	-159640.396894
20		990		1.00		-799.418182	-634.100129	400.050505	-159640.356086
20		991		1.00		-799.418769	-633.459928	400.050454	-159640.315361
20		992		1.00		-799.419355	-632.821020	400.050403	-159640.274718
20		993		1.00		-799.419940	-632.183399	400.050352	-159640.234157
20		994		1.00		-799.420523	-631.547061	400.050302	-159640.193677
20		995		1.00		-799.421106	-630.912003	400.050251	-159640.153279
20		996		1.00		-799.421687	-630.278221	400.050201	-159640.112962
20		997		1.00		-799.422267	-629.645711	400.050150	-159640.072726
20		998		1.00		-799.422846	-629.014470	400.050100	-159640.032570
20		999		1.00		-799.423423	-628.384493	400.050050	-159639.992495
