#size		cycles		temp		<E>		<C_v>		<|M|>		<chi>
20		1		1.00		-800.000000	0.000000	400.000000	-159600.000000
20		2		1.00		-800.000000	0.000000	400.000000	-159600.000000
20		3		1.00		-800.000000	0.000000	400.000000	-159600.000000
20		4		1.00		-800.000000	0.000000	400.000000	-159600.000000
20		5		1.00		-800.000000	0.000000	400.000000	-159600.000000
20		6		1.00		-800.000000	0.000000	400.000000	-159600.000000
20		7		1.00		-800.000000	0.000000	400.000000	-159600.000000
20		8		1.00		-800.000000	0.000000	400.000000	-159600.000000
20		9		1.00		-800.000000	0.000000	400.000000	-159600.000000
20		10		1.00		-800.000000	0.000000	400.000000	-159600.000000
20		11		1.00		-800.000000	0.000000	400.000000	-159600.000000
20		12		1.00		-800.000000	0.000000	400.000000	-159600.000000
20		13		1.00		-800.000000	0.000000	400.000000	-159600.000000
20		14		1.00		-800.000000	0.000000	400.000000	-159600.000000
20		15		1.00		-800.000000	0.000000	400.000000	-159600.000000
20		16		1.00		-800.000000	0.000000	400.000000	-159600.000000
20		17		1.00		-800.000000	0.000000	400.000000	-159600.000000
20		18		1.00		-800.000000	0.000000	400.000000	-159600.000000
20		19		1.00		-800.000000	0.000000	400.000000	-159600.000000
20		20		1.00		-800.000000	0.000000	400.000000	-159600.000000
20		21		1.00		-800.000000	0.000000	400.000000	-159600.000000
20		22		1.00		-800.000000	0.000000	400.000000	-159600.000000
20		23		1.00		-800.000000	0.000000	400.000000	-159600.000000
20		24		1.00		-800.000000	0.000000	400.000000	-159600.000000
20		25		1.00		-799.680000	2.457600	399.920000	-159536.086400
20		26		1.00		-799.384615	4.544379	399.846154	-159477.100592
20		27		1.00		-799.407407	4.389575	399.851852	-159481.651578
20		28		1.00		-799.428571	4.244898	399.857143	-159485.877551
20		29		1.00		-799.448276	4.109394	399.862069	-159489.812128
20		30		1.00		-799.466667	3.982222	399.866667	-159493.484444
20		31		1.00		-799.483871	3.862643	399.870968	-159496.919875
20		32		1.00		-799.500000	3.750000	399.875000	-159500.140625
20		33		1.00		-799.515152	3.643710	399.878788	-159503.166208
20		34		1.00		-799.529412	3.543253	399.882353	-159506.013841
20		35		1.00		-799.542857	3.448163	399.885714	-159508.698776
20		36		1.00		-799.333333	4.888889	399.833333	-159466.861111
20		37		1.00		-799.351351	4.768444	399.837838	-159470.458729
20		38		1.00		-799.368421	4.653740	399.842105	-159473.867036
20		39		1.00		-799.384615	4.544379	399.846154	-159477.100592
20		40		1.00		-799.400000	4.440000	399.850000	-159480.172500
20		41		1.00		-799.414634	4.340274	399.853659	-159483.094587
20		42		1.00		-799.428571	4.244898	399.857143	-159485.877551
20		43		1.00		-799.441860	4.153597	399.860465	-159488.531098
20		44		1.00		-799.272727	5.289256	399.818182	-159454.760331
20		45		1.00		-798.933333	10.240000	399.733333	-159387.004444
20		46		1.00		-798.956522	10.041588	399.739130	-159391.633270
20		47		1.00		-798.978723	9.850611	399.744681	-159396.065188
20		48		1.00		-799.000000	9.666667	399.750000	-159400.312500
20		49		1.00		-799.020408	9.489379	399.755102	-159404.386506
20		50		1.00		-799.040000	9.318400	399.760000	-159408.297600
20		51		1.00		-799.058824	9.153403	399.764706	-159412.055363
20		52		1.00		-799.076923	8.994083	399.769231	-159415.668639
20		53		1.00		-799.094340	8.840157	399.773585	-159419.145603
20		54		1.00		-798.962963	9.591221	399.740741	-159392.919067
20		55		1.00		-798.836364	10.282314	399.709091	-159367.648264
20		56		1.00		-798.571429	13.959184	399.642857	-159314.770408
20		57		1.00		-798.315789	17.373961	399.578947	-159263.756233
20		58		1.00		-798.068966	20.546968	399.517241	-159214.508918
20		59		1.00		-797.966102	20.812410	399.491525	-159193.987360
20		60		1.00		-798.000000	20.533333	399.500000	-159200.750000
20		61		1.00		-798.032787	20.261220	399.508197	-159207.291051
20		62		1.00		-798.064516	19.995838	399.516129	-159213.621228
20		63		1.00		-798.095238	19.736961	399.523810	-159219.750567
20		64		1.00		-798.125000	19.484375	399.531250	-159225.688477
20		65		1.00		-798.153846	19.237870	399.538462	-159231.443787
20		66		1.00		-798.181818	18.997245	399.545455	-159237.024793
20		67		1.00		-798.089552	19.275562	399.522388	-159218.616173
20		68		1.00		-798.000000	19.529412	399.500000	-159200.750000
20		69		1.00		-797.797101	22.045789	399.449275	-159160.274312
20		70		1.00		-797.714286	22.204082	399.428571	-159143.755102
20		71		1.00		-797.521127	24.503075	399.380282	-159105.229121
20		72		1.00		-797.333333	26.666667	399.333333	-159067.777778
20		73		1.00		-797.150685	28.703321	399.287671	-159031.356727
20		74		1.00		-797.081081	28.669102	399.270270	-159017.478451
20		75		1.00		-797.120000	28.398933	399.280000	-159025.238400
20		76		1.00		-797.157895	28.132964	399.289474	-159032.794321
20		77		1.00		-797.194805	27.871142	399.298701	-159040.154158
20		78		1.00		-797.230769	27.613412	399.307692	-159047.325444
20		79		1.00		-797.164557	27.605832	399.291139	-159034.122737
20		80		1.00		-797.100000	27.590000	399.275000	-159021.250625
20		81		1.00		-797.135802	27.351928	399.283951	-159028.389270
20		82		1.00		-797.170732	27.117192	399.292683	-159035.353956
20		83		1.00		-797.204819	26.885760	399.301205	-159042.150965
20		84		1.00		-797.238095	26.657596	399.309524	-159048.786281
20		85		1.00		-797.270588	26.432664	399.317647	-159055.265606
20		86		1.00		-797.302326	26.210925	399.325581	-159061.594375
20		87		1.00		-797.333333	25.992337	399.333333	-159067.777778
20		88		1.00		-797.363636	25.776860	399.340909	-159073.820764
20		89		1.00		-797.393258	25.564449	399.348315	-159079.728065
20		90		1.00		-797.422222	25.355062	399.355556	-159085.504198
20		91		1.00		-797.450549	25.148654	399.362637	-159091.153484
20		92		1.00		-797.478261	24.945180	399.369565	-159096.680057
20		93		1.00		-797.505376	24.744595	399.376344	-159102.087871
20		94		1.00		-797.531915	24.546854	399.382979	-159107.380715
20		95		1.00		-797.557895	24.351911	399.389474	-159112.562216
20		96		1.00		-797.583333	24.159722	399.395833	-159117.635851
20		97		1.00		-797.608247	23.970241	399.402062	-159122.604953
20		98		1.00		-797.632653	23.783424	399.408163	-159127.472720
20		99		1.00		-797.575758	23.860422	399.393939	-159116.124885
20		100		1.00		-797.600000	23.680000	399.400000	-159120.960000
20		101		1.00		-797.623762	23.502010	399.405941	-159125.699441
20		102		1.00		-797.647059	23.326413	399.411765	-159130.346021
20		103		1.00		-797.669903	23.153172	399.417476	-159134.902441
20		104		1.00		-797.692308	22.982249	399.423077	-159139.371302
20		105		1.00		-797.714286	22.813605	399.428571	-159143.755102
20		106		1.00		-797.735849	22.647205	399.433962	-159148.056248
20		107		1.00		-797.757009	22.483012	399.439252	-159152.277055
20		108		1.00		-797.777778	22.320988	399.444444	-159156.419753
20		109		1.00		-797.798165	22.161098	399.449541	-159160.486491
20		110		1.00		-797.818182	22.003306	399.454545	-159164.479339
20		111		1.00		-797.837838	21.847577	399.459459	-159168.400292
20		112		1.00		-797.857143	21.693878	399.464286	-159172.251276
20		113		1.00		-797.876106	21.542172	399.469027	-159176.034145
20		114		1.00		-797.894737	21.392428	399.473684	-159179.750693
20		115		1.00		-797.913043	21.244612	399.478261	-159183.402647
20		116		1.00		-797.862069	21.360285	399.465517	-159173.233948
20		117		1.00		-797.880342	21.216451	399.470085	-159176.879100
20		118		1.00		-797.898305	21.074404	399.474576	-159180.462511
20		119		1.00		-797.915966	20.934115	399.478992	-159183.985735
20		120		1.00		-797.800000	22.360000	399.450000	-159160.852500
20		121		1.00		-797.752066	22.450925	399.438017	-159151.291032
20		122		1.00		-797.704918	22.535877	399.426230	-159141.886590
20		123		1.00		-797.723577	22.395135	399.430894	-159145.608434
20		124		1.00		-797.741935	22.255983	399.435484	-159149.270291
20		125		1.00		-797.760000	22.118400	399.440000	-159152.873600
20		126		1.00		-797.777778	21.982363	399.444444	-159156.419753
20		127		1.00		-797.795276	21.847852	399.448819	-159159.910100
20		128		1.00		-797.812500	21.714844	399.453125	-159163.345947
20		129		1.00		-797.829457	21.583318	399.457364	-159166.728562
20		130		1.00		-797.846154	21.453254	399.461538	-159170.059172
20		131		1.00		-797.862595	21.324631	399.465649	-159173.338966
20		132		1.00		-797.878788	21.197429	399.469697	-159176.569100
20		133		1.00		-797.894737	21.071626	399.473684	-159179.750693
20		134		1.00		-797.910448	20.947204	399.477612	-159182.884830
20		135		1.00		-797.925926	20.824143	399.481481	-159185.972565
20		136		1.00		-797.882353	20.927336	399.470588	-159177.280277
20		137		1.00		-797.839416	21.025308	399.459854	-159168.715115
20		138		1.00		-797.855072	20.906532	399.463768	-159171.838269
20		139		1.00		-797.870504	20.788986	399.467626	-159174.916516
20		140		1.00		-797.885714	20.672653	399.471429	-159177.950816
20		141		1.00		-797.900709	20.557517	399.475177	-159180.942106
20		142		1.00		-797.915493	20.443563	399.478873	-159183.891291
20		143		1.00		-797.930070	20.330774	399.482517	-159186.799257
20		144		1.00		-797.944444	20.219136	399.486111	-159189.666860
20		145		1.00		-797.958621	20.108633	399.489655	-159192.494935
20		146		1.00		-797.917808	20.212423	399.479452	-159184.353162
20		147		1.00		-797.877551	20.311537	399.469388	-159176.322366
20		148		1.00		-797.891892	20.204529	399.472973	-159179.183163
20		149		1.00		-797.906040	20.098554	399.476510	-159182.005585
20		150		1.00		-797.920000	19.993600	399.480000	-159184.790400
20		151		1.00		-797.933775	19.889654	399.483444	-159187.538354
20		152		1.00		-797.947368	19.786704	399.486842	-159190.250173
20		153		1.00		-797.960784	19.684737	399.490196	-159192.926567
20		154		1.00		-797.974026	19.583741	399.493506	-159195.568224
20		155		1.00		-797.987097	19.483704	399.496774	-159198.175817
20		156		1.00		-798.000000	19.384615	399.500000	-159200.750000
20		157		1.00		-797.961783	19.488985	399.490446	-159193.125887
20		158		1.00		-797.974684	19.391764	399.493671	-159195.699407
20		159		1.00		-797.987421	19.295439	399.496855	-159198.240576
20		160		1.00		-798.000000	19.200000	399.500000	-159200.750000
20		161		1.00		-798.012422	19.105436	399.503106	-159203.228271
20		162		1.00		-798.024691	19.011736	399.506173	-159205.675964
20		163		1.00		-798.036810	18.918890	399.509202	-159208.093643
20		164		1.00		-798.048780	18.826889	399.512195	-159210.481856
20		165		1.00		-798.060606	18.735721	399.515152	-159212.841139
20		166		1.00		-798.072289	18.645377	399.518072	-159215.172013
20		167		1.00		-798.083832	18.555846	399.520958	-159217.474990
20		168		1.00		-798.095238	18.467120	399.523810	-159219.750567
20		169		1.00		-798.106509	18.379188	399.526627	-159221.999230
20		170		1.00		-798.117647	18.292042	399.529412	-159224.221453
20		171		1.00		-798.128655	18.205670	399.532164	-159226.417701
20		172		1.00		-798.139535	18.120065	399.534884	-159228.588426
20		173		1.00		-798.150289	18.035217	399.537572	-159230.734071
20		174		1.00		-798.160920	17.951116	399.540230	-159232.855067
20		175		1.00		-798.171429	17.867755	399.542857	-159234.951837
20		176		1.00		-798.181818	17.785124	399.545455	-159237.024793
20		177		1.00		-798.192090	17.703214	399.548023	-159239.074340
20		178		1.00		-798.202247	17.622017	399.550562	-159241.100871
20		179		1.00		-798.212291	17.541525	399.553073	-159243.104772
20		180		1.00		-798.222222	17.461728	399.555556	-159245.086420
20		181		1.00		-798.232044	17.382620	399.558011	-159247.046183
20		182		1.00		-798.241758	17.304190	399.560440	-159248.984422
20		183		1.00		-798.251366	17.226433	399.562842	-159250.901490
20		184		1.00		-798.260870	17.149338	399.565217	-159252.797732
20		185		1.00		-798.270270	17.072900	399.567568	-159254.673484
20		186		1.00		-798.279570	16.997109	399.569892	-159256.529079
20		187		1.00		-798.288770	16.921959	399.572193	-159258.364837
20		188		1.00		-798.255319	17.041195	399.563830	-159251.690244
20		189		1.00		-798.264550	16.967050	399.566138	-159253.532152
20		190		1.00		-798.231579	17.083213	399.557895	-159246.953352
20		191		1.00		-798.240838	17.010060	399.560209	-159248.800746
20		192		1.00		-798.250000	16.937500	399.562500	-159250.628906
20		193		1.00		-798.259067	16.865527	399.564767	-159252.438133
20		194		1.00		-798.268041	16.794133	399.567010	-159254.228717
20		195		1.00		-798.276923	16.723314	399.569231	-159256.000947
20		196		1.00		-798.285714	16.653061	399.571429	-159257.755102
20		197		1.00		-798.294416	16.583370	399.573604	-159259.491458
20		198		1.00		-798.262626	16.698704	399.565657	-159253.148250
20		199		1.00		-798.271357	16.629883	399.567839	-159254.890281
20		200		1.00		-798.280000	16.561600	399.570000	-159256.614900
20		201		1.00		-798.288557	16.493849	399.572139	-159258.322368
20		202		1.00		-798.297030	16.426625	399.574257	-159260.012940
20		203		1.00		-798.305419	16.359921	399.576355	-159261.686865
20		204		1.00		-798.313725	16.293733	399.578431	-159263.344387
20		205		1.00		-798.321951	16.228055	399.580488	-159264.985747
20		206		1.00		-798.330097	16.162881	399.582524	-159266.611179
20		207		1.00		-798.299517	16.277439	399.574879	-159260.509230
20		208		1.00		-798.269231	16.389053	399.567308	-159254.466069
20		209		1.00		-798.239234	16.497791	399.559809	-159248.480850
20		210		1.00		-798.209524	16.603719	399.552381	-159242.552744
20		211		1.00		-798.218009	16.540150	399.554502	-159244.245862
20		212		1.00		-798.226415	16.477038	399.556604	-159245.923015
20		213		1.00		-798.234742	16.414380	399.558685	-159247.584430
20		214		1.00		-798.242991	16.352170	399.560748	-159249.230326
20		215		1.00		-798.251163	16.290406	399.562791	-159250.860919
20		216		1.00		-798.259259	16.229081	399.564815	-159252.476423
20		217		1.00		-798.267281	16.168192	399.566820	-159254.077046
20		218		1.00		-798.275229	16.107735	399.568807	-159255.662991
20		219		1.00		-798.246575	16.213173	399.561644	-159249.945581
20		220		1.00		-798.254545	16.153388	399.563636	-159251.535868
20		221		1.00		-798.226244	16.256506	399.556561	-159245.888946
20		222		1.00		-798.234234	16.197387	399.558559	-159247.483159
20		223		1.00		-798.242152	16.138672	399.560538	-159249.063082
20		224		1.00		-798.250000	16.080357	399.562500	-159250.628906
20		225		1.00		-798.257778	16.022440	399.564444	-159252.180820
20		226		1.00		-798.265487	15.964915	399.566372	-159253.719007
20		227		1.00		-798.273128	15.907780	399.568282	-159255.243649
20		228		1.00		-798.280702	15.851031	399.570175	-159256.754925
20		229		1.00		-798.288210	15.794664	399.572052	-159258.253008
20		230		1.00		-798.295652	15.738677	399.573913	-159259.738072
20		231		1.00		-798.303030	15.683064	399.575758	-159261.210285
20		232		1.00		-798.310345	15.627824	399.577586	-159262.669813
20		233		1.00		-798.317597	15.572952	399.579399	-159264.116819
20		234		1.00		-798.324786	15.518445	399.581197	-159265.551465
20		235		1.00		-798.331915	15.464301	399.582979	-159266.973907
20		236		1.00		-798.338983	15.410514	399.584746	-159268.384300
20		237		1.00		-798.345992	15.357083	399.586498	-159269.782798
20		238		1.00		-798.352941	15.304004	399.588235	-159271.169550
20		239		1.00		-798.359833	15.251274	399.589958	-159272.544703
20		240		1.00		-798.366667	15.198889	399.591667	-159273.908403
20		241		1.00		-798.373444	15.146847	399.593361	-159275.260791
20		242		1.00		-798.380165	15.095144	399.595041	-159276.602008
20		243		1.00		-798.386831	15.043777	399.596708	-159277.932192
20		244		1.00		-798.393443	14.992744	399.598361	-159279.251478
20		245		1.00		-798.400000	14.942041	399.600000	-159280.560000
20		246		1.00		-798.406504	14.891665	399.601626	-159281.857889
20		247		1.00		-798.412955	14.841614	399.603239	-159283.145274
20		248		1.00		-798.419355	14.791883	399.604839	-159284.422281
20		249		1.00		-798.425703	14.742472	399.606426	-159285.689037
20		250		1.00		-798.432000	14.693376	399.608000	-159286.945664
20		251		1.00		-798.438247	14.644593	399.609562	-159288.192283
20		252		1.00		-798.444444	14.596120	399.611111	-159289.429012
20		253		1.00		-798.450593	14.547954	399.612648	-159290.655970
20		254		1.00		-798.425197	14.653853	399.606299	-159285.588071
20		255		1.00		-798.431373	14.606075	399.607843	-159286.820454
20		256		1.00		-798.437500	14.558594	399.609375	-159288.043213
20		257		1.00		-798.443580	14.511408	399.610895	-159289.256461
20		258		1.00		-798.449612	14.464515	399.612403	-159290.460309
20		259		1.00		-798.455598	14.417913	399.613900	-159291.654865
20		260		1.00		-798.461538	14.371598	399.615385	-159292.840237
20		261		1.00		-798.467433	14.325568	399.616858	-159294.016529
20		262		1.00		-798.473282	14.279821	399.618321	-159295.183847
20		263		1.00		-798.479087	14.234354	399.619772	-159296.342292
20		264		1.00		-798.454545	14.338843	399.613636	-159291.444731
20		265		1.00		-798.460377	14.293713	399.615094	-159292.608530
20		266		1.00		-798.466165	14.248855	399.616541	-159293.763582
20		267		1.00		-798.471910	14.204267	399.617978	-159294.909986
20		268		1.00		-798.477612	14.159947	399.619403	-159296.047839
20		269		1.00		-798.483271	14.115891	399.620818	-159297.177236
20		270		1.00		-798.488889	14.072099	399.622222	-159298.298272
20		271		1.00		-798.494465	14.028567	399.623616	-159299.411037
20		272		1.00		-798.500000	13.985294	399.625000	-159300.515625
20		273		1.00		-798.505495	13.942278	399.626374	-159301.612124
20		274		1.00		-798.510949	13.899515	399.627737	-159302.700623
20		275		1.00		-798.516364	13.857005	399.629091	-159303.781210
20		276		1.00		-798.521739	13.814745	399.630435	-159304.853970
20		277		1.00		-798.527076	13.772733	399.631769	-159305.918988
20		278		1.00		-798.532374	13.730966	399.633094	-159306.976347
20		279		1.00		-798.537634	13.689444	399.634409	-159308.026130
20		280		1.00		-798.542857	13.648163	399.635714	-159309.068418
20		281		1.00		-798.548043	13.607123	399.637011	-159310.103291
20		282		1.00		-798.524823	13.710377	399.631206	-159305.469343
20		283		1.00		-798.530035	13.669593	399.632509	-159306.509608
20		284		1.00		-798.535211	13.629042	399.633803	-159307.542551
20		285		1.00		-798.540351	13.588723	399.635088	-159308.568249
20		286		1.00		-798.545455	13.548633	399.636364	-159309.586777
20		287		1.00		-798.550523	13.508772	399.637631	-159310.598210
20		288		1.00		-798.555556	13.469136	399.638889	-159311.602623
20		289		1.00		-798.532872	13.570719	399.633218	-159307.075706
20		290		1.00		-798.510345	13.670583	399.627586	-159302.580071
20		291		1.00		-798.515464	13.631204	399.628866	-159303.601658
20		292		1.00		-798.520548	13.592044	399.630137	-159304.616251
20		293		1.00		-798.525597	13.553099	399.631399	-159305.623921
20		294		1.00		-798.530612	13.514369	399.632653	-159306.624740
20		295		1.00		-798.508475	13.612640	399.627119	-159302.206837
20		296		1.00		-798.486486	13.709277	399.621622	-159297.818846
20		297		1.00		-798.491582	13.670805	399.622896	-159298.835810
20		298		1.00		-798.496644	13.632539	399.624161	-159299.845953
20		299		1.00		-798.501672	13.594479	399.625418	-159300.849342
20		300		1.00		-798.506667	13.556622	399.626667	-159301.846044
20		301		1.00		-798.511628	13.518968	399.627907	-159302.836128
20		302		1.00		-798.516556	13.481514	399.629139	-159303.819657
20		303		1.00		-798.521452	13.444259	399.630363	-159304.796697
20		304		1.00		-798.526316	13.407202	399.631579	-159305.767313
20		305		1.00		-798.531148	13.370341	399.632787	-159306.731567
20		306		1.00		-798.535948	13.333675	399.633987	-159307.689521
20		307		1.00		-798.540717	13.297202	399.635179	-159308.641238
20		308		1.00		-798.545455	13.260921	399.636364	-159309.586777
20		309		1.00		-798.550162	13.224830	399.637540	-159310.526199
20		310		1.00		-798.529032	13.320125	399.632258	-159306.309428
20		311		1.00		-798.533762	13.284230	399.633441	-159307.253337
20		312		1.00		-798.538462	13.248521	399.634615	-159308.191198
20		313		1.00		-798.517572	13.342343	399.629393	-159304.022334
20		314		1.00		-798.522293	13.306828	399.630573	-159304.964502
20		315		1.00		-798.526984	13.271494	399.631746	-159305.900690
20		316		1.00		-798.531646	13.236340	399.632911	-159306.830957
20		317		1.00		-798.511041	13.328742	399.627760	-159302.719004
20		318		1.00		-798.515723	13.293778	399.628931	-159303.653416
20		319		1.00		-798.520376	13.258989	399.630094	-159304.581971
20		320		1.00		-798.525000	13.224375	399.631250	-159305.504727
20		321		1.00		-798.529595	13.189934	399.632399	-159306.421735
20		322		1.00		-798.534161	13.155665	399.633540	-159307.333050
20		323		1.00		-798.538700	13.121567	399.634675	-159308.238726
20		324		1.00		-798.543210	13.087639	399.635802	-159309.138813
20		325		1.00		-798.547692	13.053879	399.636923	-159310.033363
20		326		1.00		-798.552147	13.020287	399.638037	-159310.922428
20		327		1.00		-798.556575	12.986860	399.639144	-159311.806058
20		328		1.00		-798.560976	12.953599	399.640244	-159312.684302
20		329		1.00		-798.565350	12.920501	399.641337	-159313.557210
20		330		1.00		-798.569697	12.887567	399.642424	-159314.424830
20		331		1.00		-798.574018	12.854793	399.643505	-159315.287210
20		332		1.00		-798.578313	12.822180	399.644578	-159316.144397
20		333		1.00		-798.582583	12.789727	399.645646	-159316.996438
20		334		1.00		-798.562874	12.880777	399.640719	-159313.063215
20		335		1.00		-798.543284	12.970515	399.635821	-159309.153522
20		336		1.00		-798.523810	13.058957	399.630952	-159305.267149
20		337		1.00		-798.528190	13.026653	399.632047	-159306.141324
20		338		1.00		-798.532544	12.994503	399.633136	-159307.010329
20		339		1.00		-798.536873	12.962505	399.634218	-159307.874209
20		340		1.00		-798.541176	12.930657	399.635294	-159308.733010
20		341		1.00		-798.545455	12.898960	399.636364	-159309.586777
20		342		1.00		-798.549708	12.867412	399.637427	-159310.435553
20		343		1.00		-798.553936	12.836012	399.638484	-159311.279382
20		344		1.00		-798.558140	12.804759	399.639535	-159312.118307
20		345		1.00		-798.562319	12.773653	399.640580	-159312.952371
20		346		1.00		-798.566474	12.742691	399.641618	-159313.781616
20		347		1.00		-798.570605	12.711874	399.642651	-159314.606084
20		348		1.00		-798.574713	12.681200	399.643678	-159315.425816
20		349		1.00		-798.578797	12.650668	399.644699	-159316.240852
20		350		1.00		-798.582857	12.620278	399.645714	-159317.051233
20		351		1.00		-798.586895	12.590028	399.646724	-159317.856998
20		352		1.00		-798.590909	12.559917	399.647727	-159318.658187
20		353		1.00		-798.594901	12.529946	399.648725	-159319.454839
20		354		1.00		-798.576271	12.617064	399.644068	-159315.736857
20		355		1.00		-798.557746	12.703003	399.639437	-159312.039865
20		356		1.00		-798.539326	12.787779	399.634831	-159308.363685
20		357		1.00		-798.543417	12.757919	399.635854	-159309.180221
20		358		1.00		-798.547486	12.728192	399.636872	-159309.992197
20		359		1.00		-798.551532	12.698598	399.637883	-159310.799652
20		360		1.00		-798.555556	12.669136	399.638889	-159311.602623
20		361		1.00		-798.559557	12.639805	399.639889	-159312.401148
20		362		1.00		-798.563536	12.610604	399.640884	-159313.195263
20		363		1.00		-798.567493	12.581533	399.641873	-159313.985004
20		364		1.00		-798.571429	12.552590	399.642857	-159314.770408
20		365		1.00		-798.575342	12.523776	399.643836	-159315.551511
20		366		1.00		-798.579235	12.495088	399.644809	-159316.328347
20		367		1.00		-798.583106	12.466527	399.645777	-159317.100951
20		368		1.00		-798.586957	12.438091	399.646739	-159317.869358
20		369		1.00		-798.590786	12.409780	399.647696	-159318.633603
20		370		1.00		-798.594595	12.381592	399.648649	-159319.393718
20		371		1.00		-798.598383	12.353528	399.649596	-159320.149737
20		372		1.00		-798.602151	12.325587	399.650538	-159320.901694
20		373		1.00		-798.605898	12.297767	399.651475	-159321.649620
20		374		1.00		-798.609626	12.270068	399.652406	-159322.393549
20		375		1.00		-798.592000	12.353536	399.648000	-159318.875904
20		376		1.00		-798.595745	12.325939	399.648936	-159319.623246
20		377		1.00		-798.599469	12.298461	399.649867	-159320.366625
20		378		1.00		-798.603175	12.271101	399.650794	-159321.106072
20		379		1.00		-798.606860	12.243858	399.651715	-159321.841619
20		380		1.00		-798.610526	12.216731	399.652632	-159322.573296
20		381		1.00		-798.593176	12.299061	399.648294	-159319.110574
20		382		1.00		-798.575916	12.380362	399.643979	-159315.666018
20		383		1.00		-798.579634	12.353319	399.644909	-159316.408074
20		384		1.00		-798.583333	12.326389	399.645833	-159317.146267
20		385		1.00		-798.587013	12.299572	399.646753	-159317.880627
20		386		1.00		-798.590674	12.272866	399.647668	-159318.611184
20		387		1.00		-798.594315	12.246273	399.648579	-159319.337967
20		388		1.00		-798.597938	12.219790	399.649485	-159320.061005
20		389		1.00		-798.601542	12.193417	399.650386	-159320.780328
20		390		1.00		-798.605128	12.167153	399.651282	-159321.495963
20		391		1.00		-798.608696	12.140999	399.652174	-159322.207940
20		392		1.00		-798.612245	12.114952	399.653061	-159322.916285
20		393		1.00		-798.615776	12.089013	399.653944	-159323.621027
20		394		1.00		-798.619289	12.063181	399.654822	-159324.322193
20		395		1.00		-798.622785	12.037456	399.655696	-159325.019811
20		396		1.00		-798.626263	12.011836	399.656566	-159325.713907
20		397		1.00		-798.629723	11.986321	399.657431	-159326.404507
20		398		1.00		-798.633166	11.960910	399.658291	-159327.091639
20		399		1.00		-798.636591	11.935603	399.659148	-159327.775328
20		400		1.00		-798.640000	11.910400	399.660000	-159328.455600
20		401		1.00		-798.643392	11.885299	399.660848	-159329.132481
20		402		1.00		-798.646766	11.860300	399.661692	-159329.805995
20		403		1.00		-798.650124	11.835403	399.662531	-159330.476168
20		404		1.00		-798.653465	11.810607	399.663366	-159331.143025
20		405		1.00		-798.656790	11.785911	399.664198	-159331.806590
20		406		1.00		-798.660099	11.761314	399.665025	-159332.466888
20		407		1.00		-798.663391	11.736817	399.665848	-159333.123943
20		408		1.00		-798.666667	11.712418	399.666667	-159333.777778
20		409		1.00		-798.669927	11.688118	399.667482	-159334.428417
20		410		1.00		-798.673171	11.663914	399.668293	-159335.075883
20		411		1.00		-798.676399	11.639808	399.669100	-159335.720201
20		412		1.00		-798.679612	11.615798	399.669903	-159336.361391
20		413		1.00		-798.682809	11.591884	399.670702	-159336.999478
20		414		1.00		-798.685990	11.568065	399.671498	-159337.634484
20		415		1.00		-798.689157	11.544340	399.672289	-159338.266431
20		416		1.00		-798.692308	11.520710	399.673077	-159338.895340
20		417		1.00		-798.695444	11.497173	399.673861	-159339.521235
20		418		1.00		-798.698565	11.473730	399.674641	-159340.144136
20		419		1.00		-798.682578	11.553181	399.670644	-159336.953344
20		420		1.00		-798.685714	11.529796	399.671429	-159337.579388
20		421		1.00		-798.688836	11.506502	399.672209	-159338.202459
20		422		1.00		-798.691943	11.483300	399.672986	-159338.822578
20		423		1.00		-798.695035	11.460188	399.673759	-159339.439767
20		424		1.00		-798.698113	11.437166	399.674528	-159340.054045
20		425		1.00		-798.682353	11.515571	399.670588	-159336.908512
20		426		1.00		-798.685446	11.492605	399.671362	-159337.525844
20		427		1.00		-798.688525	11.469728	399.672131	-159338.140285
20		428		1.00		-798.691589	11.446939	399.672897	-159338.751856
20		429		1.00		-798.694639	11.424237	399.673660	-159339.360577
20		430		1.00		-798.697674	11.401622	399.674419	-159339.966468
20		431		1.00		-798.700696	11.379095	399.675174	-159340.569549
20		432		1.00		-798.703704	11.356653	399.675926	-159341.169839
20		433		1.00		-798.706697	11.334297	399.676674	-159341.767357
20		434		1.00		-798.709677	11.312026	399.677419	-159342.362123
20		435		1.00		-798.712644	11.289840	399.678161	-159342.954155
20		436		1.00		-798.715596	11.267738	399.678899	-159343.543473
20		437		1.00		-798.718535	11.245721	399.679634	-159344.130094
20		438		1.00		-798.721461	11.223786	399.680365	-159344.714038
20		439		1.00		-798.724374	11.201934	399.681093	-159345.295323
20		440		1.00		-798.727273	11.180165	399.681818	-159345.873967
20		441		1.00		-798.730159	11.158478	399.682540	-159346.449987
20		442		1.00		-798.733032	11.136873	399.683258	-159347.023402
20		443		1.00		-798.735892	11.115348	399.683973	-159347.594230
20		444		1.00		-798.738739	11.093905	399.684685	-159348.162487
20		445		1.00		-798.741573	11.072541	399.685393	-159348.728191
20		446		1.00		-798.744395	11.051258	399.686099	-159349.291359
20		447		1.00		-798.747204	11.030054	399.686801	-159349.852009
20		448		1.00		-798.750000	11.008929	399.687500	-159350.410156
20		449		1.00		-798.752784	10.987882	399.688196	-159350.965819
20		450		1.00		-798.755556	10.966914	399.688889	-159351.519012
20		451		1.00		-798.758315	10.946023	399.689579	-159352.069754
20		452		1.00		-798.743363	11.022633	399.685841	-159349.085422
20		453		1.00		-798.746137	11.001779	399.686534	-159349.639100
20		454		1.00		-798.748899	10.981001	399.687225	-159350.190339
20		455		1.00		-798.751648	10.960299	399.687912	-159350.739157
20		456		1.00		-798.736842	11.036011	399.684211	-159347.783934
20		457		1.00		-798.722101	11.110956	399.680525	-159344.841670
20		458		1.00		-798.724891	11.090254	399.681223	-159345.398562
20		459		1.00		-798.727669	11.069627	399.681917	-159345.953029
20		460		1.00		-798.730435	11.049074	399.682609	-159346.505085
20		461		1.00		-798.733189	11.028595	399.683297	-159347.054748
20		462		1.00		-798.735931	11.008190	399.683983	-159347.602031
20		463		1.00		-798.738661	10.987857	399.684665	-159348.146952
20		464		1.00		-798.741379	10.967598	399.685345	-159348.689525
20		465		1.00		-798.744086	10.947411	399.686022	-159349.229765
20		466		1.00		-798.746781	10.927297	399.686695	-159349.767688
20		467		1.00		-798.749465	10.907253	399.687366	-159350.303307
20		468		1.00		-798.752137	10.887282	399.688034	-159350.836639
20		469		1.00		-798.754797	10.867381	399.688699	-159351.367697
20		470		1.00		-798.757447	10.847551	399.689362	-159351.896496
20		471		1.00		-798.760085	10.827791	399.690021	-159352.423051
20		472		1.00		-798.762712	10.808101	399.690678	-159352.947375
20		473		1.00		-798.765328	10.788481	399.691332	-159353.469483
20		474		1.00		-798.767932	10.768929	399.691983	-159353.989389
20		475		1.00		-798.770526	10.749447	399.692632	-159354.507107
20		476		1.00		-798.773109	10.730033	399.693277	-159355.022650
20		477		1.00		-798.775681	10.710687	399.693920	-159355.536033
20		478		1.00		-798.778243	10.691409	399.694561	-159356.047268
20		479		1.00		-798.780793	10.672199	399.695198	-159356.556370
20		480		1.00		-798.783333	10.653056	399.695833	-159357.063351
20		481		1.00		-798.785863	10.633979	399.696466	-159357.568225
20		482		1.00		-798.788382	10.614969	399.697095	-159358.071004
20		483		1.00		-798.774327	10.688202	399.693582	-159355.265735
20		484		1.00		-798.760331	10.760740	399.690083	-159352.472082
20		485		1.00		-798.746392	10.832590	399.686598	-159349.689973
20		486		1.00		-798.748971	10.813528	399.687243	-159350.204813
20		487		1.00		-798.751540	10.794530	399.687885	-159350.717539
20		488		1.00		-798.754098	10.775598	399.688525	-159351.228164
20		489		1.00		-798.756646	10.756730	399.689162	-159351.736702
20		490		1.00		-798.759184	10.737926	399.689796	-159352.243165
20		491		1.00		-798.745418	10.808915	399.686354	-159349.495522
20		492		1.00		-798.731707	10.879239	399.682927	-159346.759072
20		493		1.00		-798.734280	10.860427	399.683570	-159347.272542
20		494		1.00		-798.736842	10.841679	399.684211	-159347.783934
20		495		1.00		-798.739394	10.822994	399.684848	-159348.293260
20		496		1.00		-798.741935	10.804370	399.685484	-159348.800533
20		497		1.00		-798.744467	10.785809	399.686117	-159349.305766
20		498		1.00		-798.746988	10.767310	399.686747	-159349.808971
20		499		1.00		-798.749499	10.748872	399.687375	-159350.310159
20		500		1.00		-798.752000	10.730496	399.688000	-159350.809344
20		501		1.00		-798.754491	10.712180	399.688623	-159351.306537
20		502		1.00		-798.756972	10.693925	399.689243	-159351.801749
20		503		1.00		-798.759443	10.675731	399.689861	-159352.294993
20		504		1.00		-798.761905	10.657596	399.690476	-159352.786281
20		505		1.00		-798.764356	10.639522	399.691089	-159353.275624
20		506		1.00		-798.766798	10.621506	399.691700	-159353.763033
20		507		1.00		-798.769231	10.603550	399.692308	-159354.248521
20		508		1.00		-798.771654	10.585653	399.692913	-159354.732097
20		509		1.00		-798.774067	10.567815	399.693517	-159355.213775
20		510		1.00		-798.776471	10.550035	399.694118	-159355.693564
20		511		1.00		-798.778865	10.532313	399.694716	-159356.171476
20		512		1.00		-798.765625	10.601318	399.691406	-159353.528824
20		513		1.00		-798.752437	10.669707	399.688109	-159350.896496
20		514		1.00		-798.739300	10.737483	399.684825	-159348.274433
20		515		1.00		-798.741748	10.719713	399.685437	-159348.763028
20		516		1.00		-798.744186	10.702001	399.686047	-159349.249730
20		517		1.00		-798.731141	10.769108	399.682785	-159346.646080
20		518		1.00		-798.718147	10.835617	399.679537	-159344.052504
20		519		1.00		-798.697495	11.035658	399.672447	-159338.392455
20		520		1.00		-798.684615	11.100533	399.669231	-159335.824793
20		521		1.00		-798.687140	11.082541	399.669866	-159336.331637
20		522		1.00		-798.689655	11.064606	399.670498	-159336.836541
20		523		1.00		-798.692161	11.046726	399.671128	-159337.339514
20		524		1.00		-798.679389	11.110949	399.667939	-159334.793471
20		525		1.00		-798.681905	11.093101	399.668571	-159335.298416
20		526		1.00		-798.684411	11.075308	399.669202	-159335.801443
20		527		1.00		-798.686907	11.057571	399.669829	-159336.302561
20		528		1.00		-798.689394	11.039888	399.670455	-159336.801782
20		529		1.00		-798.691871	11.022259	399.671078	-159337.299116
20		530		1.00		-798.694340	11.004685	399.671698	-159337.794575
20		531		1.00		-798.696798	10.987165	399.672316	-159338.288168
20		532		1.00		-798.699248	10.969699	399.672932	-159338.779906
20		533		1.00		-798.701689	10.952286	399.673546	-159339.269799
20		534		1.00		-798.704120	10.934927	399.674157	-159339.757859
20		535		1.00		-798.706542	10.917621	399.674766	-159340.244095
20		536		1.00		-798.708955	10.900368	399.675373	-159340.728517
20		537		1.00		-798.711359	10.883167	399.675978	-159341.211136
20		538		1.00		-798.713755	10.866019	399.676580	-159341.691961
20		539		1.00		-798.716141	10.848923	399.677180	-159342.171003
20		540		1.00		-798.718519	10.831879	399.677778	-159342.648272
20		541		1.00		-798.720887	10.814887	399.678373	-159343.123776
20		542		1.00		-798.723247	10.797947	399.678967	-159343.597527
20		543		1.00		-798.725599	10.781057	399.679558	-159344.069534
20		544		1.00		-798.727941	10.764219	399.680147	-159344.539806
20		545		1.00		-798.730275	10.747432	399.680734	-159345.008353
20		546		1.00		-798.732601	10.730695	399.681319	-159345.475184
20		547		1.00		-798.734918	10.714009	399.681901	-159345.940309
20		548		1.00		-798.737226	10.697373	399.682482	-159346.403738
20		549		1.00		-798.739526	10.680787	399.683060	-159346.865478
20		550		1.00		-798.741818	10.664251	399.683636	-159347.325540
20		551		1.00		-798.744102	10.647765	399.684211	-159347.783934
20		552		1.00		-798.746377	10.631327	399.684783	-159348.240666
20		553		1.00		-798.748644	10.614939	399.685353	-159348.695748
20		554		1.00		-798.750903	10.598600	399.685921	-159349.149187
20		555		1.00		-798.753153	10.582310	399.686486	-159349.600993
20		556		1.00		-798.755396	10.566068	399.687050	-159350.051175
20		557		1.00		-798.757630	10.549874	399.687612	-159350.499741
20		558		1.00		-798.759857	10.533729	399.688172	-159350.946699
20		559		1.00		-798.762075	10.517631	399.688730	-159351.392059
20		560		1.00		-798.764286	10.501582	399.689286	-159351.835829
20		561		1.00		-798.766488	10.485579	399.689840	-159352.278018
20		562		1.00		-798.768683	10.469624	399.690391	-159352.718633
20		563		1.00		-798.770870	10.453716	399.690941	-159353.157684
20		564		1.00		-798.773050	10.437855	399.691489	-159353.595179
20		565		1.00		-798.775221	10.422041	399.692035	-159354.031125
20		566		1.00		-798.777385	10.406273	399.692580	-159354.465532
20		567		1.00		-798.779541	10.390551	399.693122	-159354.898407
20		568		1.00		-798.781690	10.374876	399.693662	-159355.329758
20		569		1.00		-798.783831	10.359246	399.694200	-159355.759594
20		570		1.00		-798.785965	10.343663	399.694737	-159356.187922
20		571		1.00		-798.788091	10.328124	399.695271	-159356.614751
20		572		1.00		-798.790210	10.312631	399.695804	-159357.040088
20		573		1.00		-798.778360	10.374959	399.692845	-159354.677241
20		574		1.00		-798.759582	10.558924	399.686411	-159349.540847
20		575		1.00		-798.747826	10.619887	399.683478	-159347.199316
20		576		1.00		-798.736111	10.680363	399.680556	-159344.865934
20		577		1.00		-798.724437	10.740356	399.677643	-159342.540656
20		578		1.00		-798.726644	10.724584	399.678201	-159342.985908
20		579		1.00		-798.728843	10.708857	399.678756	-159343.429622
20		580		1.00		-798.731034	10.693175	399.679310	-159343.871807
20		581		1.00		-798.733219	10.677537	399.679862	-159344.312471
20		582		1.00		-798.721649	10.736954	399.676976	-159342.008125
20		583		1.00		-798.723842	10.721335	399.677530	-159342.450471
20		584		1.00		-798.726027	10.705761	399.678082	-159342.891302
20		585		1.00		-798.728205	10.690230	399.678632	-159343.330628
20		586		1.00		-798.730375	10.674743	399.679181	-159343.768454
20		587		1.00		-798.718910	10.733595	399.676320	-159341.484666
20		588		1.00		-798.721088	10.718127	399.676871	-159341.924140
20		589		1.00		-798.709677	10.776494	399.674024	-159339.651252
20		590		1.00		-798.711864	10.761046	399.674576	-159340.092341
20		591		1.00		-798.714044	10.745640	399.675127	-159340.531938
20		592		1.00		-798.716216	10.730278	399.675676	-159340.970051
20		593		1.00		-798.718381	10.714957	399.676223	-159341.406687
20		594		1.00		-798.720539	10.699679	399.676768	-159341.841853
20		595		1.00		-798.722689	10.684443	399.677311	-159342.275557
20		596		1.00		-798.724832	10.669249	399.677852	-159342.707806
20		597		1.00		-798.726968	10.654097	399.678392	-159343.138608
20		598		1.00		-798.729097	10.638986	399.678930	-159343.567969
20		599		1.00		-798.731219	10.623917	399.679466	-159343.995897
20		600		1.00		-798.733333	10.608889	399.680000	-159344.422400
20		601		1.00		-798.722130	10.666549	399.677205	-159342.190719
20		602		1.00		-798.724252	10.651538	399.677741	-159342.618801
20		603		1.00		-798.726368	10.636568	399.678275	-159343.045464
20		604		1.00		-798.728477	10.621639	399.678808	-159343.470714
20		605		1.00		-798.730579	10.606751	399.679339	-159343.894559
20		606		1.00		-798.732673	10.591903	399.679868	-159344.317006
20		607		1.00		-798.734761	10.577095	399.680395	-159344.738061
20		608		1.00		-798.736842	10.562327	399.680921	-159345.157732
20		609		1.00		-798.738916	10.547599	399.681445	-159345.576026
20		610		1.00		-798.740984	10.532911	399.681967	-159345.992948
20		611		1.00		-798.743044	10.518262	399.682488	-159346.408506
20		612		1.00		-798.745098	10.503652	399.683007	-159346.822707
20		613		1.00		-798.747145	10.489082	399.683524	-159347.235557
20		614		1.00		-798.736156	10.546022	399.680782	-159345.046526
20		615		1.00		-798.725203	10.602536	399.678049	-159342.864628
20		616		1.00		-798.727273	10.587957	399.678571	-159343.281888
20		617		1.00		-798.729335	10.573418	399.679092	-159343.697795
20		618		1.00		-798.731392	10.558917	399.679612	-159344.112357
20		619		1.00		-798.733441	10.544455	399.680129	-159344.525581
20		620		1.00		-798.735484	10.530031	399.680645	-159344.937471
20		621		1.00		-798.737520	10.515645	399.681159	-159345.348036
20		622		1.00		-798.739550	10.501298	399.681672	-159345.757281
20		623		1.00		-798.741573	10.486988	399.682183	-159346.165213
20		624		1.00		-798.743590	10.472715	399.682692	-159346.571838
20		625		1.00		-798.745600	10.458481	399.683200	-159346.977162
20		626		1.00		-798.747604	10.444283	399.683706	-159347.381192
20		627		1.00		-798.749601	10.430123	399.684211	-159347.783934
20		628		1.00		-798.751592	10.416001	399.684713	-159348.185393
20		629		1.00		-798.753577	10.401915	399.685215	-159348.585576
20		630		1.00		-798.755556	10.387866	399.685714	-159348.984490
20		631		1.00		-798.757528	10.373854	399.686212	-159349.382139
20		632		1.00		-798.759494	10.359878	399.686709	-159349.778531
20		633		1.00		-798.761453	10.345939	399.687204	-159350.173671
20		634		1.00		-798.763407	10.332036	399.687697	-159350.567565
20		635		1.00		-798.765354	10.318170	399.688189	-159350.960218
20		636		1.00		-798.767296	10.304339	399.688679	-159351.351638
20		637		1.00		-798.769231	10.290545	399.689168	-159351.741828
20		638		1.00		-798.771160	10.276786	399.689655	-159352.130797
20		639		1.00		-798.773083	10.263063	399.690141	-159352.518548
20		640		1.00		-798.775000	10.249375	399.690625	-159352.905088
20		641		1.00		-798.776911	10.235723	399.691108	-159353.290422
20		642		1.00		-798.778816	10.222106	399.691589	-159353.674557
20		643		1.00		-798.780715	10.208524	399.692068	-159354.057497
20		644		1.00		-798.782609	10.194977	399.692547	-159354.439248
20		645		1.00		-798.772093	10.250384	399.689922	-159352.344210
20		646		1.00		-798.773994	10.236847	399.690402	-159352.727430
20		647		1.00		-798.775889	10.223344	399.690881	-159353.109465
20		648		1.00		-798.777778	10.209877	399.691358	-159353.490322
20		649		1.00		-798.779661	10.196443	399.691834	-159353.870005
20		650		1.00		-798.781538	10.183044	399.692308	-159354.248521
20		651		1.00		-798.783410	10.169679	399.692780	-159354.625874
20		652		1.00		-798.785276	10.156348	399.693252	-159355.002070
20		653		1.00		-798.787136	10.143050	399.693721	-159355.377114
20		654		1.00		-798.788991	10.129787	399.694190	-159355.751012
20		655		1.00		-798.778626	10.184581	399.691603	-159353.685948
20		656		1.00		-798.768293	10.238995	399.689024	-159351.627194
20		657		1.00		-798.770167	10.225716	399.689498	-159352.005087
20		658		1.00		-798.772036	10.212470	399.689970	-159352.381833
20		659		1.00		-798.773900	10.199258	399.690440	-159352.757436
20		660		1.00		-798.775758	10.186079	399.690909	-159353.131901
20		661		1.00		-798.765507	10.240021	399.688351	-159351.089561
20		662		1.00		-798.767372	10.226851	399.688822	-159351.465412
20		663		1.00		-798.769231	10.213714	399.689291	-159351.840130
20		664		1.00		-798.771084	10.200610	399.689759	-159352.213719
20		665		1.00		-798.772932	10.187538	399.690226	-159352.586186
20		666		1.00		-798.774775	10.174499	399.690691	-159352.957534
20		667		1.00		-798.776612	10.161492	399.691154	-159353.327769
20		668		1.00		-798.778443	10.148517	399.691617	-159353.696897
20		669		1.00		-798.768311	10.201926	399.689088	-159351.678131
20		670		1.00		-798.758209	10.254970	399.686567	-159349.665404
20		671		1.00		-798.748137	10.307653	399.684054	-159347.658689
20		672		1.00		-798.738095	10.359977	399.681548	-159345.657960
20		673		1.00		-798.728083	10.411945	399.679049	-159343.663188
20		674		1.00		-798.718101	10.463560	399.676558	-159341.674348
20		675		1.00		-798.708148	10.514822	399.674074	-159339.691413
20		676		1.00		-798.710059	10.501733	399.674556	-159340.076328
20		677		1.00		-798.700148	10.552629	399.672083	-159338.101621
20		678		1.00		-798.702065	10.539553	399.672566	-159338.487744
20		679		1.00		-798.703976	10.526508	399.673049	-159338.872729
20		680		1.00		-798.705882	10.513495	399.673529	-159339.256583
20		681		1.00		-798.707783	10.500512	399.674009	-159339.639310
20		682		1.00		-798.709677	10.487560	399.674487	-159340.020915
20		683		1.00		-798.711567	10.474639	399.674963	-159340.401403
20		684		1.00		-798.713450	10.461749	399.675439	-159340.780779
20		685		1.00		-798.715328	10.448889	399.675912	-159341.159047
20		686		1.00		-798.717201	10.436060	399.676385	-159341.536214
20		687		1.00		-798.719068	10.423261	399.676856	-159341.912282
20		688		1.00		-798.720930	10.410492	399.677326	-159342.287258
20		689		1.00		-798.722787	10.397754	399.677794	-159342.661146
20		690		1.00		-798.724638	10.385045	399.678261	-159343.033951
20		691		1.00		-798.714906	10.435364	399.675832	-159341.094955
20		692		1.00		-798.716763	10.422667	399.676301	-159341.468943
20		693		1.00		-798.718615	10.410000	399.676768	-159341.841853
20		694		1.00		-798.720461	10.397362	399.677233	-159342.213688
20		695		1.00		-798.722302	10.384754	399.677698	-159342.584454
20		696		1.00		-798.724138	10.372176	399.678161	-159342.954155
20		697		1.00		-798.725968	10.359627	399.678623	-159343.322796
20		698		1.00		-798.727794	10.347107	399.679083	-159343.690380
20		699		1.00		-798.718169	10.396966	399.676681	-159341.772632
20		700		1.00		-798.708571	10.446498	399.674286	-159339.860376
20		701		1.00		-798.710414	10.433971	399.674750	-159340.231322
20		702		1.00		-798.712251	10.421474	399.675214	-159340.601213
20		703		1.00		-798.714083	10.409005	399.675676	-159340.970051
20		704		1.00		-798.715909	10.396565	399.676136	-159341.337842
20		705		1.00		-798.706383	10.445704	399.673759	-159339.439767
20		706		1.00		-798.696884	10.494523	399.671388	-159337.547079
20		707		1.00		-798.698727	10.482078	399.671853	-159337.918147
20		708		1.00		-798.700565	10.469661	399.672316	-159338.288168
20		709		1.00		-798.702398	10.457272	399.672779	-159338.657144
20		710		1.00		-798.704225	10.444912	399.673239	-159339.025082
20		711		1.00		-798.706048	10.432579	399.673699	-159339.391986
20		712		1.00		-798.707865	10.420275	399.674157	-159339.757859
20		713		1.00		-798.709677	10.407999	399.674614	-159340.122706
20		714		1.00		-798.711485	10.395750	399.675070	-159340.486532
20		715		1.00		-798.713287	10.383530	399.675524	-159340.849340
20		716		1.00		-798.715084	10.371337	399.675978	-159341.211136
20		717		1.00		-798.716876	10.359171	399.676430	-159341.571922
20		718		1.00		-798.718663	10.347033	399.676880	-159341.931704
20		719		1.00		-798.720445	10.334923	399.677330	-159342.290486
20		720		1.00		-798.722222	10.322840	399.677778	-159342.648272
20		721		1.00		-798.712899	10.371110	399.675451	-159340.790492
20		722		1.00		-798.703601	10.419073	399.673130	-159338.937869
20		723		1.00		-798.694329	10.466731	399.670816	-159337.090381
20		724		1.00		-798.696133	10.454626	399.671271	-159337.453367
20		725		1.00		-798.697931	10.442547	399.671724	-159337.815351
20		726		1.00		-798.699725	10.430496	399.672176	-159338.176339
20		727		1.00		-798.701513	10.418471	399.672627	-159338.536334
20		728		1.00		-798.703297	10.406473	399.673077	-159338.895340
20		729		1.00		-798.705075	10.394501	399.673525	-159339.253362
20		730		1.00		-798.706849	10.382556	399.673973	-159339.610403
20		731		1.00		-798.697674	10.429803	399.671683	-159337.782211
20		732		1.00		-798.699454	10.417869	399.672131	-159338.140285
20		733		1.00		-798.701228	10.405960	399.672578	-159338.497382
20		734		1.00		-798.702997	10.394078	399.673025	-159338.853507
20		735		1.00		-798.704762	10.382222	399.673469	-159339.208663
20		736		1.00		-798.706522	10.370392	399.673913	-159339.562854
20		737		1.00		-798.708277	10.358588	399.674355	-159339.916085
20		738		1.00		-798.710027	10.346810	399.674797	-159340.268359
20		739		1.00		-798.711773	10.335058	399.675237	-159340.619680
20		740		1.00		-798.713514	10.323331	399.675676	-159340.970051
20		741		1.00		-798.715250	10.311630	399.676113	-159341.319477
20		742		1.00		-798.716981	10.299954	399.676550	-159341.667962
20		743		1.00		-798.718708	10.288304	399.676985	-159342.015509
20		744		1.00		-798.720430	10.276679	399.677419	-159342.362123
20		745		1.00		-798.722148	10.265080	399.677852	-159342.707806
20		746		1.00		-798.723861	10.253506	399.678284	-159343.052563
20		747		1.00		-798.725569	10.241957	399.678715	-159343.396397
20		748		1.00		-798.727273	10.230433	399.679144	-159343.739312
20		749		1.00		-798.718291	10.277115	399.676903	-159341.949519
20		750		1.00		-798.720000	10.265600	399.677333	-159342.293447
20		751		1.00		-798.721704	10.254109	399.677763	-159342.636460
20		752		1.00		-798.723404	10.242644	399.678191	-159342.978561
20		753		1.00		-798.714475	10.288994	399.675963	-159341.199290
20		754		1.00		-798.705570	10.335062	399.673740	-159339.424748
20		755		1.00		-798.696689	10.380850	399.671523	-159337.654917
20		756		1.00		-798.687831	10.426360	399.669312	-159335.889778
20		757		1.00		-798.689564	10.414858	399.669749	-159336.238524
20		758		1.00		-798.680739	10.460078	399.667546	-159334.479919
20		759		1.00		-798.682477	10.448586	399.667984	-159334.829602
20		760		1.00		-798.684211	10.437119	399.668421	-159335.178366
20		761		1.00		-798.685940	10.425676	399.668857	-159335.526213
20		762		1.00		-798.687664	10.414257	399.669291	-159335.873148
20		763		1.00		-798.689384	10.402862	399.669725	-159336.219173
20		764		1.00		-798.691099	10.391491	399.670157	-159336.564294
20		765		1.00		-798.682353	10.436355	399.667974	-159334.821352
20		766		1.00		-798.684073	10.424994	399.668407	-159335.167395
20		767		1.00		-798.685789	10.413657	399.668840	-159335.512536
20		768		1.00		-798.671875	10.548584	399.664062	-159331.698792
20		769		1.00		-798.657997	10.682774	399.659298	-159327.895012
20		770		1.00		-798.644156	10.816232	399.654545	-159324.101157
20		771		1.00		-798.645914	10.804584	399.654994	-159324.458848
20		772		1.00		-798.647668	10.792961	399.655440	-159324.815612
20		773		1.00		-798.649418	10.781361	399.655886	-159325.171454
20		774		1.00		-798.651163	10.769785	399.656331	-159325.526377
20		775		1.00		-798.652903	10.758234	399.656774	-159325.880385
20		776		1.00		-798.654639	10.746705	399.657216	-159326.233480
20		777		1.00		-798.656371	10.735201	399.657658	-159326.585667
20		778		1.00		-798.658098	10.723720	399.658098	-159326.936949
20		779		1.00		-798.659820	10.712262	399.658537	-159327.287329
20		780		1.00		-798.661538	10.700828	399.658974	-159327.636811
20		781		1.00		-798.663252	10.689418	399.659411	-159327.985399
20		782		1.00		-798.664962	10.678031	399.659847	-159328.333096
20		783		1.00		-798.656450	10.721054	399.657727	-159326.640778
20		784		1.00		-798.647959	10.763822	399.655612	-159324.952787
20		785		1.00		-798.639490	10.806339	399.653503	-159323.269105
20		786		1.00		-798.625954	10.936426	399.648855	-159319.558417
20		787		1.00		-798.627700	10.924925	399.649301	-159319.914603
20		788		1.00		-798.629442	10.913448	399.649746	-159320.269886
20		789		1.00		-798.631179	10.901994	399.650190	-159320.624268
20		790		1.00		-798.632911	10.890562	399.650633	-159320.977754
20		791		1.00		-798.634640	10.879154	399.651075	-159321.330346
20		792		1.00		-798.636364	10.867769	399.651515	-159321.682048
20		793		1.00		-798.638083	10.856406	399.651955	-159322.032863
20		794		1.00		-798.639798	10.845066	399.652393	-159322.382795
20		795		1.00		-798.641509	10.833749	399.652830	-159322.731848
20		796		1.00		-798.643216	10.822454	399.653266	-159323.080023
20		797		1.00		-798.644918	10.811182	399.653701	-159323.427325
20		798		1.00		-798.646617	10.799932	399.654135	-159323.773758
20		799		1.00		-798.648310	10.788705	399.654568	-159324.119323
20		800		1.00		-798.650000	10.777500	399.655000	-159324.464025
20		801		1.00		-798.651685	10.766317	399.655431	-159324.807867
20		802		1.00		-798.653367	10.755157	399.655860	-159325.150851
20		803		1.00		-798.655044	10.744019	399.656289	-159325.492982
20		804		1.00		-798.656716	10.732903	399.656716	-159325.834262
20		805		1.00		-798.658385	10.721809	399.657143	-159326.174694
20		806		1.00		-798.660050	10.710736	399.657568	-159326.514282
20		807		1.00		-798.661710	10.699686	399.657993	-159326.853029
20		808		1.00		-798.663366	10.688658	399.658416	-159327.190937
20		809		1.00		-798.665019	10.677651	399.658838	-159327.528011
20		810		1.00		-798.666667	10.666667	399.659259	-159327.864252
20		811		1.00		-798.668311	10.655704	399.659679	-159328.199665
20		812		1.00		-798.669951	10.644762	399.660099	-159328.534252
20		813		1.00		-798.661747	10.686323	399.658057	-159326.904133
20		814		1.00		-798.663391	10.675392	399.658477	-159327.239488
20		815		1.00		-798.665031	10.664483	399.658896	-159327.574021
20		816		1.00		-798.666667	10.653595	399.659314	-159327.907734
20		817		1.00		-798.668299	10.642728	399.659731	-159328.240630
20		818		1.00		-798.669927	10.631883	399.660147	-159328.572713
20		819		1.00		-798.671551	10.621059	399.660562	-159328.903985
20		820		1.00		-798.673171	10.610256	399.660976	-159329.234450
20		821		1.00		-798.674787	10.599474	399.661389	-159329.564110
20		822		1.00		-798.676399	10.588713	399.661800	-159329.892968
20		823		1.00		-798.678007	10.577973	399.662211	-159330.221027
20		824		1.00		-798.669903	10.619191	399.660194	-159328.610614
20		825		1.00		-798.671515	10.608461	399.660606	-159328.939431
20		826		1.00		-798.673123	10.597752	399.661017	-159329.267452
20		827		1.00		-798.674728	10.587064	399.661427	-159329.594680
20		828		1.00		-798.676329	10.576396	399.661836	-159329.921118
20		829		1.00		-798.677925	10.565749	399.662244	-159330.246769
20		830		1.00		-798.679518	10.555123	399.662651	-159330.571636
20		831		1.00		-798.681107	10.544517	399.663057	-159330.895721
20		832		1.00		-798.682692	10.533931	399.663462	-159331.219027
20		833		1.00		-798.684274	10.523366	399.663866	-159331.541558
20		834		1.00		-798.685851	10.512821	399.664269	-159331.863315
20		835		1.00		-798.687425	10.502297	399.664671	-159332.184302
20		836		1.00		-798.688995	10.491793	399.665072	-159332.504521
20		837		1.00		-798.690562	10.481309	399.665472	-159332.823976
20		838		1.00		-798.692124	10.470845	399.665871	-159333.142668
20		839		1.00		-798.693683	10.460401	399.666269	-159333.460601
20		840		1.00		-798.695238	10.449977	399.666667	-159333.777778
20		841		1.00		-798.696790	10.439574	399.667063	-159334.094200
20		842		1.00		-798.698337	10.429190	399.667458	-159334.409871
20		843		1.00		-798.699881	10.418826	399.667853	-159334.724794
20		844		1.00		-798.701422	10.408481	399.668246	-159335.038970
20		845		1.00		-798.702959	10.398157	399.668639	-159335.352404
20		846		1.00		-798.695035	10.438912	399.666667	-159333.777778
20		847		1.00		-798.696576	10.428595	399.667060	-159334.091959
20		848		1.00		-798.698113	10.418298	399.667453	-159334.405399
20		849		1.00		-798.699647	10.408021	399.667845	-159334.718101
20		850		1.00		-798.701176	10.397763	399.668235	-159335.030068
20		851		1.00		-798.702703	10.387525	399.668625	-159335.341302
20		852		1.00		-798.704225	10.377306	399.669014	-159335.651805
20		853		1.00		-798.705744	10.367107	399.669402	-159335.961581
20		854		1.00		-798.697892	10.407560	399.667447	-159334.400989
20		855		1.00		-798.699415	10.397368	399.667836	-159334.711502
20		856		1.00		-798.700935	10.387195	399.668224	-159335.021290
20		857		1.00		-798.702450	10.377042	399.668611	-159335.330355
20		858		1.00		-798.703963	10.366907	399.668998	-159335.638700
20		859		1.00		-798.705471	10.356792	399.669383	-159335.946327
20		860		1.00		-798.706977	10.346696	399.669767	-159336.253240
20		861		1.00		-798.708479	10.336618	399.670151	-159336.559439
20		862		1.00		-798.709977	10.326559	399.670534	-159336.864929
20		863		1.00		-798.711472	10.316520	399.670915	-159337.169710
20		864		1.00		-798.712963	10.306499	399.671296	-159337.473787
20		865		1.00		-798.714451	10.296496	399.671676	-159337.777161
20		866		1.00		-798.715935	10.286513	399.672055	-159338.079834
20		867		1.00		-798.717416	10.276548	399.672434	-159338.381809
20		868		1.00		-798.718894	10.266602	399.672811	-159338.683089
20		869		1.00		-798.720368	10.256674	399.673188	-159338.983676
20		870		1.00		-798.721839	10.246764	399.673563	-159339.283572
20		871		1.00		-798.714122	10.286816	399.671642	-159337.749610
20		872		1.00		-798.701835	10.406510	399.667431	-159334.388125
20		873		1.00		-798.694158	10.445980	399.665521	-159332.863308
20		874		1.00		-798.695652	10.435977	399.665904	-159333.168828
20		875		1.00		-798.697143	10.425992	399.666286	-159333.473651
20		876		1.00		-798.698630	10.416026	399.666667	-159333.777778
20		877		1.00		-798.690992	10.455255	399.664766	-159332.260614
20		878		1.00		-798.674260	10.688882	399.660592	-159328.928409
20		879		1.00		-798.666667	10.727342	399.658703	-159327.420238
20		880		1.00		-798.668182	10.717169	399.659091	-159327.729855
20		881		1.00		-798.669694	10.707016	399.659478	-159328.038770
20		882		1.00		-798.671202	10.696880	399.659864	-159328.346985
20		883		1.00		-798.663647	10.735111	399.657984	-159326.846307
20		884		1.00		-798.665158	10.724985	399.658371	-159327.155172
20		885		1.00		-798.666667	10.714878	399.658757	-159327.463339
20		886		1.00		-798.668172	10.704788	399.659142	-159327.770812
20		887		1.00		-798.669673	10.694717	399.659526	-159328.077591
20		888		1.00		-798.671171	10.684664	399.659910	-159328.383679
20		889		1.00		-798.672666	10.674630	399.660292	-159328.689080
20		890		1.00		-798.674157	10.664613	399.660674	-159328.993794
20		891		1.00		-798.675645	10.654614	399.661055	-159329.297824
20		892		1.00		-798.663677	10.770295	399.656951	-159326.021270
20		893		1.00		-798.665174	10.760232	399.657335	-159326.327946
20		894		1.00		-798.666667	10.750186	399.657718	-159326.633935
20		895		1.00		-798.668156	10.740159	399.658101	-159326.939242
20		896		1.00		-798.660714	10.777742	399.656250	-159325.461914
20		897		1.00		-798.662207	10.767724	399.656633	-159325.767845
20		898		1.00		-798.663697	10.757724	399.657016	-159326.073095
20		899		1.00		-798.665184	10.747742	399.657397	-159326.377666
20		900		1.00		-798.666667	10.737778	399.657778	-159326.681560
20		901		1.00		-798.659267	10.775133	399.655938	-159325.212718
20		902		1.00		-798.660754	10.765178	399.656319	-159325.517230
20		903		1.00		-798.662237	10.755241	399.656700	-159325.821066
20		904		1.00		-798.654867	10.792388	399.654867	-159324.358055
20		905		1.00		-798.647514	10.829345	399.653039	-159322.898283
20		906		1.00		-798.640177	10.866112	399.651214	-159321.441740
20		907		1.00		-798.641676	10.856168	399.651599	-159321.748726
20		908		1.00		-798.643172	10.846242	399.651982	-159322.055037
20		909		1.00		-798.635864	10.882806	399.650165	-159320.604233
20		910		1.00		-798.637363	10.872890	399.650549	-159320.911127
20		911		1.00		-798.638858	10.862991	399.650933	-159321.217347
20		912		1.00		-798.640351	10.853109	399.651316	-159321.522896
20		913		1.00		-798.641840	10.843244	399.651698	-159321.827777
20		914		1.00		-798.643326	10.833396	399.652079	-159322.131990
20		915		1.00		-798.644809	10.823566	399.652459	-159322.435539
20		916		1.00		-798.646288	10.813753	399.652838	-159322.738425
20		917		1.00		-798.647764	10.803956	399.653217	-159323.040651
20		918		1.00		-798.649237	10.794177	399.653595	-159323.342219
20		919		1.00		-798.650707	10.784415	399.653972	-159323.643131
20		920		1.00		-798.652174	10.774669	399.654348	-159323.943388
20		921		1.00		-798.653637	10.764941	399.654723	-159324.242995
20		922		1.00		-798.655098	10.755229	399.655098	-159324.541951
20		923		1.00		-798.656555	10.745534	399.655471	-159324.840260
20		924		1.00		-798.658009	10.735856	399.655844	-159325.137924
20		925		1.00		-798.659459	10.726194	399.656216	-159325.434944
20		926		1.00		-798.660907	10.716550	399.656587	-159325.731323
20		927		1.00		-798.662352	10.706921	399.656958	-159326.027063
20		928		1.00		-798.663793	10.697310	399.657328	-159326.322166
20		929		1.00		-798.665231	10.687715	399.657696	-159326.616634
20		930		1.00		-798.666667	10.678136	399.658065	-159326.910468
20		931		1.00		-798.668099	10.668574	399.658432	-159327.203672
20		932		1.00		-798.669528	10.659029	399.658798	-159327.496247
20		933		1.00		-798.670954	10.649499	399.659164	-159327.788195
20		934		1.00		-798.672377	10.639986	399.659529	-159328.079518
20		935		1.00		-798.673797	10.630490	399.659893	-159328.370218
20		936		1.00		-798.675214	10.621010	399.660256	-159328.660298
20		937		1.00		-798.676628	10.611546	399.660619	-159328.949758
20		938		1.00		-798.678038	10.602098	399.660981	-159329.238601
20		939		1.00		-798.679446	10.592666	399.661342	-159329.526830
20		940		1.00		-798.680851	10.583250	399.661702	-159329.814445
20		941		1.00		-798.682253	10.573851	399.662062	-159330.101450
20		942		1.00		-798.683652	10.564467	399.662420	-159330.387845
20		943		1.00		-798.685048	10.555100	399.662778	-159330.673634
20		944		1.00		-798.686441	10.545748	399.663136	-159330.958817
20		945		1.00		-798.687831	10.536413	399.663492	-159331.243396
20		946		1.00		-798.689218	10.527093	399.663848	-159331.527375
20		947		1.00		-798.690602	10.517789	399.664203	-159331.810753
20		948		1.00		-798.691983	10.508501	399.664557	-159332.093535
20		949		1.00		-798.693361	10.499229	399.664910	-159332.375720
20		950		1.00		-798.694737	10.489972	399.665263	-159332.657312
20		951		1.00		-798.696109	10.480731	399.665615	-159332.938312
20		952		1.00		-798.697479	10.471506	399.665966	-159333.218721
20		953		1.00		-798.690451	10.507537	399.664218	-159331.823138
20		954		1.00		-798.679245	10.616194	399.660377	-159328.756853
20		955		1.00		-798.672251	10.651743	399.658639	-159327.368884
20		956		1.00		-798.665272	10.687120	399.656904	-159325.983824
20		957		1.00		-798.666667	10.677813	399.657262	-159326.270029
20		958		1.00		-798.668058	10.668520	399.657620	-159326.555637
20		959		1.00		-798.669447	10.659244	399.657977	-159326.840650
20		960		1.00		-798.670833	10.649983	399.658333	-159327.125069
20		961		1.00		-798.672216	10.640737	399.658689	-159327.408897
20		962		1.00		-798.673597	10.631507	399.659044	-159327.692135
20		963		1.00		-798.674974	10.622292	399.659398	-159327.974785
20		964		1.00		-798.676349	10.613092	399.659751	-159328.256848
20		965		1.00		-798.677720	10.603908	399.660104	-159328.538327
20		966		1.00		-798.670807	10.639044	399.658385	-159327.166390
20		967		1.00		-798.672182	10.629867	399.658738	-159327.448414
20		968		1.00		-798.673554	10.620706	399.659091	-159327.729855
20		969		1.00		-798.674923	10.611559	399.659443	-159328.010716
20		970		1.00		-798.676289	10.602427	399.659794	-159328.290998
20		971		1.00		-798.677652	10.593311	399.660144	-159328.570703
20		972		1.00		-798.679012	10.584210	399.660494	-159328.849832
20		973		1.00		-798.680370	10.575123	399.660843	-159329.128388
20		974		1.00		-798.681725	10.566052	399.661191	-159329.406373
20		975		1.00		-798.683077	10.556996	399.661538	-159329.683787
20		976		1.00		-798.684426	10.547954	399.661885	-159329.960633
20		977		1.00		-798.685773	10.538928	399.662231	-159330.236913
20		978		1.00		-798.687117	10.529916	399.662577	-159330.512627
20		979		1.00		-798.688458	10.520919	399.662921	-159330.787779
20		980		1.00		-798.689796	10.511937	399.663265	-159331.062370
20		981		1.00		-798.682977	10.546795	399.661570	-159329.708827
20		982		1.00		-798.684318	10.537819	399.661914	-159329.983956
20		983		1.00		-798.685656	10.528858	399.662258	-159330.258525
20		984		1.00		-798.686992	10.519912	399.662602	-159330.532537
20		985		1.00		-798.688325	10.510980	399.662944	-159330.805992
20		986		1.00		-798.689655	10.502063	399.663286	-159331.078894
20		987		1.00		-798.690983	10.493161	399.663627	-159331.351242
20		988		1.00		-798.692308	10.484273	399.663968	-159331.623039
20		989		1.00		-798.693630	10.475399	399.664307	-159331.894287
20		990		1.00		-798.694949	10.466540	399.664646	-159332.164987
20		991		1.00		-798.696266	10.457695	399.664985	-159332.435141
20		992		1.00		-798.697581	10.448865	399.665323	-159332.704751
20		993		1.00		-798.698892	10.440049	399.665660	-159332.973818
20		994		1.00		-798.692153	10.474647	399.663984	-159331.636046
20		995		1.00		-798.685427	10.509084	399.662312	-159330.300968
20		996		1.00		-798.686747	10.500266	399.662651	-159330.571636
20		997		1.00		-798.688064	10.491462	399.662989	-159330.841761
20		998		1.00		-798.689379	10.482673	399.663327	-159331.111345
20		999		1.00		-798.690691	10.473897	399.663664	-159331.380389
20		1000		1.00		-798.692000	10.465136	399.664000	-159331.648896
