#size		cycles		temp		<E>		<C_v>		<|M|>		<chi>
0	192
1	315
2	398
3	467
4	517
5	569
6	612
7	662
8	711
9	762
10	801
11	851
12	886
13	928
14	961
15	982
16	1006
17	1026
18	1047
19	1083
20	1106
21	1127
22	1146
23	1160
24	1181
25	1193
26	1208
27	1231
28	1253
29	1270
30	1291
31	1307
32	1327
33	1348
34	1363
35	1393
36	1411
37	1438
38	1467
39	1485
40	1504
41	1515
42	1528
43	1543
44	1557
45	1568
46	1586
47	1601
48	1620
49	1630
50	1650
51	1657
52	1669
53	1677
54	1682
55	1690
56	1697
57	1705
58	1711
59	1712
60	1713
61	1713
62	1713
63	1713
64	1713
65	1713
66	1713
67	1717
68	1717
69	1717
70	1718
71	1718
72	1718
73	1721
74	1721
75	1721
76	1721
77	1721
78	1722
79	1723
80	1723
81	1724
82	1725
83	1725
84	1725
85	1725
86	1725
87	1726
88	1727
89	1727
90	1727
91	1727
92	1727
93	1727
94	1727
95	1728
96	1728
97	1728
98	1729
99	1729
100	1729
101	1730
102	1731
103	1731
104	1731
105	1731
106	1731
107	1731
108	1731
109	1731
110	1731
111	1731
112	1732
113	1733
114	1733
115	1733
116	1733
117	1733
118	1733
119	1733
120	1733
121	1733
122	1733
123	1733
124	1734
125	1735
126	1735
127	1735
128	1737
129	1738
130	1739
131	1739
132	1739
133	1739
134	1739
135	1739
136	1739
137	1739
138	1739
139	1739
140	1739
141	1739
142	1739
143	1739
144	1739
145	1739
146	1742
147	1743
148	1743
149	1743
150	1743
151	1743
152	1743
153	1743
154	1743
155	1743
156	1743
157	1743
158	1743
159	1743
160	1743
161	1743
162	1743
163	1743
164	1743
165	1743
166	1745
167	1745
168	1745
169	1745
170	1745
171	1745
172	1745
173	1745
174	1745
175	1745
176	1747
177	1747
178	1747
179	1747
180	1747
181	1747
182	1747
183	1747
184	1747
185	1747
186	1747
187	1747
188	1747
189	1747
190	1749
191	1749
192	1749
193	1749
194	1749
195	1749
196	1749
197	1749
198	1749
199	1749
200	1749
201	1749
202	1749
203	1749
204	1749
205	1749
206	1749
207	1749
208	1749
209	1749
210	1749
211	1751
212	1751
213	1751
214	1751
215	1751
216	1751
217	1751
218	1751
219	1751
220	1753
221	1753
222	1754
223	1757
224	1757
225	1757
226	1757
227	1757
228	1757
229	1757
230	1758
231	1759
232	1759
233	1759
234	1759
235	1759
236	1759
237	1761
238	1761
239	1761
240	1761
241	1761
242	1761
243	1762
244	1763
245	1763
246	1763
247	1764
248	1764
249	1765
250	1765
251	1765
252	1765
253	1765
254	1765
255	1765
256	1765
257	1765
258	1765
259	1765
260	1765
261	1765
262	1765
263	1765
264	1765
265	1765
266	1766
267	1767
268	1767
269	1767
270	1767
271	1767
272	1767
273	1767
274	1767
275	1767
276	1767
277	1767
278	1767
279	1767
280	1767
281	1767
282	1767
283	1767
284	1767
285	1767
286	1767
287	1767
288	1767
289	1767
290	1767
291	1767
292	1767
293	1767
294	1767
295	1767
296	1767
297	1767
298	1767
299	1767
300	1767
301	1767
302	1767
303	1767
304	1767
305	1767
306	1767
307	1767
308	1768
309	1769
310	1769
311	1771
312	1771
313	1772
314	1772
315	1773
316	1773
317	1774
318	1776
319	1780
320	1780
321	1781
322	1781
323	1781
324	1781
325	1781
326	1781
327	1782
328	1783
329	1783
330	1783
331	1785
332	1785
333	1785
334	1785
335	1785
336	1787
337	1787
338	1787
339	1787
340	1787
341	1787
342	1787
343	1788
344	1788
345	1789
346	1789
347	1789
348	1790
349	1790
350	1791
351	1791
352	1791
353	1791
354	1791
355	1791
356	1793
357	1793
358	1793
359	1793
360	1793
361	1793
362	1793
363	1793
364	1793
365	1793
366	1793
367	1793
368	1793
369	1793
370	1793
371	1793
372	1793
373	1793
374	1793
375	1793
376	1793
377	1793
378	1793
379	1793
380	1793
381	1795
382	1797
383	1797
384	1797
385	1797
386	1799
387	1799
388	1800
389	1801
390	1801
391	1802
392	1804
393	1806
394	1807
395	1807
396	1807
397	1809
398	1809
399	1809
400	1809
401	1809
402	1809
403	1809
404	1809
405	1809
406	1809
407	1809
408	1809
409	1809
410	1809
411	1809
412	1809
413	1809
414	1809
415	1809
416	1809
417	1809
418	1809
419	1811
420	1811
421	1811
422	1811
423	1811
424	1811
425	1811
426	1811
427	1811
428	1811
429	1811
430	1811
431	1811
432	1811
433	1811
434	1811
435	1811
436	1811
437	1811
438	1811
439	1811
440	1811
441	1811
442	1811
443	1811
444	1811
445	1811
446	1812
447	1814
448	1815
449	1816
450	1816
451	1817
452	1817
453	1817
454	1817
455	1818
456	1819
457	1819
458	1820
459	1821
460	1821
461	1822
462	1823
463	1827
464	1827
465	1827
466	1827
467	1827
468	1827
469	1827
470	1828
471	1828
472	1829
473	1829
474	1829
475	1829
476	1829
477	1829
478	1829
479	1829
480	1829
481	1829
482	1830
483	1831
484	1831
485	1831
486	1831
487	1833
488	1834
489	1835
490	1835
491	1836
492	1839
493	1839
494	1839
495	1839
496	1839
497	1839
498	1841
499	1843
500	1843
501	1843
502	1843
503	1844
504	1844
505	1845
506	1846
507	1846
508	1848
509	1848
510	1849
511	1849
512	1849
513	1849
514	1850
515	1851
516	1851
517	1851
518	1851
519	1851
520	1851
521	1851
522	1851
523	1851
524	1851
525	1851
526	1853
527	1853
528	1855
529	1855
530	1855
531	1855
532	1857
533	1858
534	1859
535	1860
536	1861
537	1861
538	1861
539	1861
540	1861
541	1861
542	1861
543	1863
544	1863
545	1863
546	1863
547	1863
548	1863
549	1863
550	1863
551	1863
552	1864
553	1865
554	1865
555	1867
556	1867
557	1867
558	1867
559	1867
560	1867
561	1867
562	1867
563	1869
564	1869
565	1869
566	1870
567	1871
568	1871
569	1871
570	1871
571	1872
572	1873
573	1875
574	1876
575	1877
576	1877
577	1877
578	1877
579	1879
580	1879
581	1879
582	1879
583	1879
584	1879
585	1879
586	1879
587	1880
588	1881
589	1881
590	1881
591	1881
592	1881
593	1881
594	1881
595	1881
596	1881
597	1881
598	1881
599	1881
600	1881
601	1881
602	1881
603	1881
604	1881
605	1881
606	1881
607	1881
608	1881
609	1881
610	1883
611	1884
612	1885
613	1886
614	1887
615	1887
616	1887
617	1887
618	1888
619	1889
620	1890
621	1891
622	1891
623	1891
624	1891
625	1891
626	1891
627	1893
628	1893
629	1893
630	1893
631	1893
632	1893
633	1893
634	1893
635	1893
636	1893
637	1893
638	1893
639	1893
640	1893
641	1893
642	1893
643	1894
644	1894
645	1894
646	1895
647	1895
648	1895
649	1895
650	1895
651	1895
652	1895
653	1897
654	1897
655	1898
656	1898
657	1899
658	1899
659	1899
660	1901
661	1901
662	1901
663	1902
664	1902
665	1904
666	1904
667	1905
668	1906
669	1907
670	1907
671	1907
672	1907
673	1907
674	1907
675	1907
676	1907
677	1907
678	1907
679	1907
680	1907
681	1907
682	1907
683	1907
684	1907
685	1907
686	1907
687	1907
688	1907
689	1907
690	1907
691	1907
692	1907
693	1907
694	1907
695	1908
696	1909
697	1909
698	1909
699	1909
700	1909
701	1909
702	1909
703	1909
704	1909
705	1909
706	1909
707	1909
708	1909
709	1909
710	1909
711	1909
712	1909
713	1909
714	1909
715	1909
716	1909
717	1909
718	1910
719	1910
720	1911
721	1911
722	1911
723	1911
724	1911
725	1911
726	1911
727	1911
728	1911
729	1911
730	1911
731	1911
732	1911
733	1911
734	1911
735	1911
736	1911
737	1911
738	1913
739	1913
740	1913
741	1913
742	1913
743	1913
744	1913
745	1913
746	1913
747	1913
748	1913
749	1913
750	1913
751	1913
752	1913
753	1913
754	1915
755	1915
756	1915
757	1915
758	1915
759	1916
760	1916
761	1917
762	1917
763	1917
764	1917
765	1917
766	1917
767	1917
768	1917
769	1917
770	1917
771	1917
772	1917
773	1917
774	1917
775	1917
776	1919
777	1919
778	1921
779	1921
780	1921
781	1921
782	1921
783	1923
784	1923
785	1923
786	1923
787	1925
788	1925
789	1925
790	1925
791	1925
792	1925
793	1925
794	1925
795	1925
796	1925
797	1926
798	1926
799	1926
800	1927
801	1927
802	1927
803	1927
804	1927
805	1927
806	1927
807	1927
808	1927
809	1927
810	1927
811	1927
812	1927
813	1928
814	1929
815	1931
816	1931
817	1932
818	1934
819	1935
820	1935
821	1935
822	1935
823	1935
824	1935
825	1935
826	1935
827	1935
828	1935
829	1935
830	1935
831	1935
832	1935
833	1935
834	1935
835	1935
836	1935
837	1935
838	1935
839	1935
840	1935
841	1935
842	1935
843	1935
844	1935
845	1935
846	1935
847	1935
848	1935
849	1935
850	1935
851	1935
852	1935
853	1935
854	1935
855	1935
856	1935
857	1935
858	1935
859	1935
860	1935
861	1935
862	1935
863	1935
864	1935
865	1935
866	1935
867	1935
868	1935
869	1935
870	1936
871	1937
872	1938
873	1939
874	1940
875	1941
876	1941
877	1941
878	1941
879	1941
880	1941
881	1943
882	1943
883	1943
884	1944
885	1944
886	1944
887	1945
888	1945
889	1945
890	1945
891	1945
892	1945
893	1945
894	1947
895	1947
896	1947
897	1947
898	1947
899	1947
900	1947
901	1949
902	1949
903	1951
904	1952
905	1952
906	1955
907	1955
908	1955
909	1956
910	1956
911	1956
912	1957
913	1957
914	1957
915	1957
916	1957
917	1957
918	1957
919	1957
920	1958
921	1959
922	1959
923	1959
924	1959
925	1959
926	1959
927	1959
928	1959
929	1959
930	1959
931	1959
932	1959
933	1959
934	1959
935	1959
936	1959
937	1959
938	1961
939	1963
940	1963
941	1963
942	1963
943	1963
944	1963
945	1963
946	1963
947	1963
948	1963
949	1963
950	1963
951	1963
952	1965
953	1965
954	1965
955	1965
956	1965
957	1965
958	1965
959	1965
960	1966
961	1967
962	1967
963	1967
964	1969
965	1969
966	1969
967	1971
968	1972
969	1973
970	1974
971	1974
972	1975
973	1975
974	1976
975	1977
976	1977
977	1977
978	1977
979	1977
980	1977
981	1977
982	1977
983	1977
984	1977
985	1977
986	1977
987	1977
988	1978
989	1979
990	1979
991	1979
992	1979
993	1979
994	1979
995	1979
996	1979
997	1979
998	1979
999	1979
