#size		cycles		temp		<E>		<C_v>		<|M|>		<chi>
#20		0		1.00		-inf	nan	inf	nan
20		1		1.00		-768.000000	-285664.000000	64.000000	-4032.000000
20		2		1.00		-656.000000	-130288.000000	58.000000	-3306.000000
20		3		1.00		-628.000000	-85290.666667	55.333333	-3006.444444
20		4		1.00		-618.000000	-63668.000000	60.500000	-3599.750000
20		5		1.00		-618.400000	-50933.760000	65.600000	-4237.760000
20		6		1.00		-619.333333	-42440.444444	67.333333	-4466.444444
20		7		1.00		-622.285714	-36325.224490	69.714286	-4790.367347
20		8		1.00		-626.500000	-31660.250000	71.750000	-5076.312500
20		9		1.00		-630.666667	-28003.555556	72.222222	-5143.827160
20		10		1.00		-633.600000	-25125.760000	71.600000	-5054.960000
20		11		1.00		-636.363636	-22765.223140	70.727273	-4931.619835
20		12		1.00		-637.333333	-20857.777778	69.333333	-4737.777778
20		13		1.00		-639.384615	-19202.840237	69.692308	-4787.325444
20		14		1.00		-641.142857	-17791.020408	70.285714	-4869.795918
20		15		1.00		-642.933333	-16560.071111	70.800000	-4941.840000
20		16		1.00		-644.500000	-15488.250000	71.375000	-5023.015625
20		17		1.00		-644.941176	-14574.062284	72.235294	-5145.702422
20		18		1.00		-645.777778	-13752.493827	74.111111	-5418.345679
20		19		1.00		-646.947368	-13004.055402	76.526316	-5779.750693
20		20		1.00		-648.400000	-12313.760000	79.200000	-6193.440000
20		21		1.00		-649.904762	-11682.104308	82.095238	-6657.532880
20		22		1.00		-651.454545	-11100.661157	85.727273	-7263.438017
20		23		1.00		-653.043478	-10562.480151	89.391304	-7901.413989
20		24		1.00		-654.500000	-10073.583333	93.333333	-8617.777778
20		25		1.00		-655.680000	-9637.222400	96.960000	-9304.281600
20		26		1.00		-657.076923	-9217.775148	100.461538	-9992.059172
20		27		1.00		-658.666667	-8810.666667	104.296296	-10773.421125
20		28		1.00		-659.857143	-8457.734694	107.500000	-11448.750000
20		29		1.00		-660.965517	-8131.690844	110.551724	-12111.131986
20		30		1.00		-661.866667	-7837.084444	113.466667	-12761.217778
20		31		1.00		-662.967742	-7547.904266	116.774194	-13519.438085
20		32		1.00		-663.750000	-7293.062500	120.437500	-14384.753906
20		33		1.00		-664.606061	-7048.609734	124.060606	-15266.973370
20		34		1.00		-665.411765	-6819.875433	127.411765	-16106.346021
20		35		1.00		-666.057143	-6610.860408	130.742857	-16962.951837
20		36		1.00		-667.000000	-6396.111111	134.444444	-17940.864198
20		37		1.00		-668.000000	-6187.243243	137.567568	-18787.268079
20		38		1.00		-669.052632	-5983.423823	140.526316	-19607.119114
20		39		1.00		-670.051282	-5792.105194	143.743590	-20518.476003
20		40		1.00		-671.200000	-5595.840000	147.200000	-21520.640000
20		41		1.00		-672.487805	-5393.018441	150.780488	-22583.975015
20		42		1.00		-673.714286	-5202.938776	154.238095	-23635.151927
20		43		1.00		-675.069767	-5004.772309	157.813953	-24747.429962
20		44		1.00		-676.454545	-4808.570248	161.272727	-25847.619835
20		45		1.00		-677.777778	-4624.671605	164.755556	-26979.637531
20		46		1.00		-679.130435	-4441.799622	168.173913	-28114.291115
20		47		1.00		-680.510638	-4259.665007	171.659574	-29295.349932
20		48		1.00		-681.833333	-4088.694444	175.291667	-30551.876736
20		49		1.00		-683.183673	-3917.727613	178.816327	-31796.462307
20		50		1.00		-684.560000	-3746.553600	182.040000	-32956.521600
20		51		1.00		-685.960784	-3574.981930	185.411765	-34192.110727
20		52		1.00		-687.384615	-3402.840237	188.807692	-35459.536982
20		53		1.00		-688.754717	-3241.022428	192.188679	-36744.299751
20		54		1.00		-690.074074	-3088.746228	195.518519	-38031.972565
20		55		1.00		-691.563636	-2912.772231	198.945455	-39380.348430
20		56		1.00		-693.071429	-2735.719388	202.321429	-40731.639031
20		57		1.00		-694.596491	-2557.478609	205.684211	-42100.310249
20		58		1.00		-696.413793	-2325.136742	209.034483	-43486.380499
20		59		1.00		-698.033898	-2133.492675	212.237288	-44832.429187
20		60		1.00		-699.733333	-1927.537778	215.366667	-46167.434444
20		61		1.00		-701.377049	-1733.830691	218.393443	-47477.302338
20		62		1.00		-702.967742	-1551.517170	221.322581	-48762.362123
20		63		1.00		-704.507937	-1379.813555	224.158730	-50022.977576
20		64		1.00		-706.000000	-1218.000000	226.906250	-51259.540039
20		65		1.00		-707.446154	-1065.414438	229.569231	-52472.462485
20		66		1.00		-708.848485	-921.447199	232.151515	-53662.174472
20		67		1.00		-710.208955	-785.536200	234.656716	-54829.117844
20		68		1.00		-711.529412	-657.162630	237.088235	-55973.743080
20		69		1.00		-712.811594	-535.847091	239.449275	-57096.506196
20		70		1.00		-714.057143	-421.146122	241.742857	-58197.866122
20		71		1.00		-715.267606	-312.649078	243.971831	-59278.282484
20		72		1.00		-716.444444	-209.975309	246.138889	-60338.213735
20		73		1.00		-717.589041	-112.771627	248.246575	-61378.115594
20		74		1.00		-718.702703	-20.710007	250.297297	-62398.439737
20		75		1.00		-719.786667	66.514489	252.293333	-63399.632711
20		76		1.00		-720.842105	149.185596	254.236842	-64382.135042
20		77		1.00		-721.766234	212.153146	256.103896	-65333.101703
20		78		1.00		-722.769231	286.895464	257.948718	-66279.592373
20		79		1.00		-723.746835	357.809325	259.746835	-67208.671687
20		80		1.00		-724.700000	425.110000	261.500000	-68120.750000
20		81		1.00		-725.629630	488.998628	263.209877	-69016.229233
20		82		1.00		-726.536585	549.663296	264.878049	-69895.502677
20		83		1.00		-727.421687	607.280012	266.506024	-70758.954856
20		84		1.00		-728.190476	649.106576	268.071429	-71594.219388
20		85		1.00		-729.035294	701.422284	269.623529	-72427.224083
20		86		1.00		-729.860465	751.143321	271.139535	-73245.507842
20		87		1.00		-730.666667	798.406130	272.620690	-74049.419738
20		88		1.00		-731.454545	843.338843	274.068182	-74839.300103
20		89		1.00		-732.224719	886.061861	275.483146	-75615.480621
20		90		1.00		-732.977778	926.688395	276.866667	-76378.284444
20		91		1.00		-733.714286	965.324961	278.219780	-77128.026325
20		92		1.00		-734.347826	991.357278	279.521739	-77852.880907
20		93		1.00		-735.053763	1026.545497	280.817204	-78577.485027
20		94		1.00		-735.744681	1060.019919	282.085106	-79289.922137
20		95		1.00		-736.421053	1091.864820	283.326316	-79990.474903
20		96		1.00		-737.083333	1122.159722	284.541667	-80679.418403
20		97		1.00		-737.731959	1150.979700	285.731959	-81357.020300
20		98		1.00		-738.285714	1168.979592	286.877551	-82011.851728
20		99		1.00		-738.828283	1186.021018	288.000000	-82656.000000
20		100		1.00		-739.440000	1211.206400	289.120000	-83301.254400
20		101		1.00		-740.039604	1235.166748	290.217822	-83936.166258
20		102		1.00		-740.627451	1257.959246	291.294118	-84560.968858
20		103		1.00		-741.203883	1279.638043	292.349515	-85175.889151
20		104		1.00		-741.769231	1300.254438	293.384615	-85781.147929
20		105		1.00		-742.323810	1319.857052	294.400000	-86376.960000
20		106		1.00		-742.867925	1338.491990	295.396226	-86963.534354
20		107		1.00		-743.401869	1356.202987	296.373832	-87541.074330
20		108		1.00		-743.925926	1373.031550	297.333333	-88109.777778
20		109		1.00		-744.440367	1389.017086	298.275229	-88669.837219
20		110		1.00		-744.945455	1404.197025	299.200000	-89221.440000
20		111		1.00		-745.441441	1418.606931	300.108108	-89764.768444
20		112		1.00		-745.928571	1432.280612	301.000000	-90300.000000
20		113		1.00		-746.407080	1445.250215	301.876106	-90827.307385
20		114		1.00		-746.877193	1457.546322	302.736842	-91346.858726
20		115		1.00		-747.339130	1469.198034	303.582609	-91858.817694
20		116		1.00		-747.793103	1480.233056	304.413793	-92363.343639
20		117		1.00		-748.239316	1490.677770	305.230769	-92860.591716
20		118		1.00		-748.677966	1500.557311	306.033898	-93350.713014
20		119		1.00		-749.109244	1509.895629	306.823529	-93833.854671
20		120		1.00		-749.533333	1518.715556	307.600000	-94310.160000
20		121		1.00		-749.950413	1527.038863	308.363636	-94779.768595
20		122		1.00		-750.360656	1534.886321	309.114754	-95242.816447
20		123		1.00		-750.764228	1542.277745	309.853659	-95699.436050
20		124		1.00		-751.161290	1549.232050	310.580645	-96149.756504
20		125		1.00		-751.552000	1555.767296	311.296000	-96593.903616
20		126		1.00		-751.936508	1561.900731	312.000000	-97032.000000
20		127		1.00		-752.314961	1567.648831	312.692913	-97464.165168
20		128		1.00		-752.687500	1573.027344	313.375000	-97890.515625
20		129		1.00		-753.054264	1578.051319	314.046512	-98311.164954
20		130		1.00		-753.415385	1582.735148	314.707692	-98726.223905
20		131		1.00		-753.770992	1587.092594	315.358779	-99135.800478
20		132		1.00		-754.121212	1591.136823	316.000000	-99540.000000
20		133		1.00		-754.406015	1589.880265	316.616541	-99929.417717
20		134		1.00		-754.686567	1588.483849	317.223881	-100313.766540
20		135		1.00		-755.022222	1591.814321	317.837037	-100702.545075
20		136		1.00		-755.352941	1594.875433	318.441176	-101086.341696
20		137		1.00		-755.678832	1597.677873	319.036496	-101465.249507
20		138		1.00		-756.000000	1600.231884	319.623188	-101839.359378
20		139		1.00		-756.316547	1602.547280	320.201439	-102208.760002
20		140		1.00		-756.628571	1604.633469	320.771429	-102573.537959
20		141		1.00		-756.936170	1606.499472	321.333333	-102933.777778
20		142		1.00		-757.239437	1608.153938	321.887324	-103289.561992
20		143		1.00		-757.538462	1609.605164	322.433566	-103640.971197
20		144		1.00		-757.833333	1610.861111	322.972222	-103988.084105
20		145		1.00		-758.124138	1611.929417	323.503448	-104330.977598
20		146		1.00		-758.410959	1612.817414	324.027397	-104669.726778
20		147		1.00		-758.693878	1613.532139	324.544218	-105004.405016
20		148		1.00		-758.972973	1614.080351	325.054054	-105335.084003
20		149		1.00		-759.248322	1614.468537	325.557047	-105661.833791
20		150		1.00		-759.520000	1614.702933	326.053333	-105984.722844
20		151		1.00		-759.788079	1614.789527	326.543046	-106303.818078
20		152		1.00		-760.052632	1614.734072	327.026316	-106619.184903
20		153		1.00		-760.313725	1614.542099	327.503268	-106930.887266
20		154		1.00		-760.571429	1614.218924	327.974026	-107238.987688
20		155		1.00		-760.825806	1613.769657	328.438710	-107543.547305
20		156		1.00		-761.076923	1613.199211	328.897436	-107844.625904
20		157		1.00		-761.324841	1612.512313	329.350318	-108142.281959
20		158		1.00		-761.569620	1611.713507	329.797468	-108436.572665
20		159		1.00		-761.811321	1610.807167	330.238994	-108727.553973
20		160		1.00		-762.050000	1609.797500	330.675000	-109015.280625
20		161		1.00		-762.285714	1608.688554	331.105590	-109299.806180
20		162		1.00		-762.518519	1607.484225	331.530864	-109581.183051
20		163		1.00		-762.748466	1606.188265	331.950920	-109859.462532
20		164		1.00		-762.975610	1604.804283	332.365854	-110134.694825
20		165		1.00		-763.200000	1603.335758	332.775758	-110406.929073
20		166		1.00		-763.421687	1601.786036	333.180723	-110676.213384
20		167		1.00		-763.640719	1600.158342	333.580838	-110942.594858
20		168		1.00		-763.857143	1598.455782	333.976190	-111206.119615
20		169		1.00		-764.071006	1596.681349	334.366864	-111466.832814
20		170		1.00		-764.235294	1591.850519	334.741176	-111716.914048
20		171		1.00		-764.397661	1587.023152	335.111111	-111964.345679
20		172		1.00		-764.604651	1585.122769	335.488372	-112216.959438
20		173		1.00		-764.809249	1583.160146	335.861272	-112466.932540
20		174		1.00		-765.011494	1581.137799	336.229885	-112714.305721
20		175		1.00		-765.211429	1579.058155	336.594286	-112959.118890
20		176		1.00		-765.409091	1576.923554	336.954545	-113201.411157
20		177		1.00		-765.604520	1574.736251	337.310734	-113441.220850
20		178		1.00		-765.797753	1572.498422	337.662921	-113678.585532
20		179		1.00		-765.988827	1570.212166	338.011173	-113913.542024
20		180		1.00		-766.177778	1567.879506	338.355556	-114146.126420
20		181		1.00		-766.320442	1562.880742	338.685083	-114368.900278
20		182		1.00		-766.505495	1560.491728	339.021978	-114596.879604
20		183		1.00		-766.688525	1558.061453	339.355191	-114822.590642
20		184		1.00		-766.869565	1555.591682	339.684783	-115046.066753
20		185		1.00		-767.048649	1553.084120	340.010811	-115267.340657
20		186		1.00		-767.225806	1550.540409	340.333333	-115486.444444
20		187		1.00		-767.401070	1547.962138	340.652406	-115703.409591
20		188		1.00		-767.574468	1545.350837	340.968085	-115918.266976
20		189		1.00		-767.746032	1542.707987	341.280423	-116131.046891
20		190		1.00		-767.915789	1540.035014	341.589474	-116341.779058
20		191		1.00		-768.083770	1537.333297	341.895288	-116550.492640
20		192		1.00		-768.250000	1534.604167	342.197917	-116757.216254
20		193		1.00		-768.414508	1531.848909	342.497409	-116961.977986
20		194		1.00		-768.577320	1529.068764	342.793814	-117164.805399
20		195		1.00		-768.738462	1526.264931	343.087179	-117365.725549
20		196		1.00		-768.897959	1523.438567	343.377551	-117564.764994
20		197		1.00		-769.055838	1520.590791	343.664975	-117761.949805
20		198		1.00		-769.212121	1517.722681	343.949495	-117957.305581
20		199		1.00		-769.366834	1514.835282	344.231156	-118150.857453
20		200		1.00		-769.520000	1511.929600	344.510000	-118342.630100
20		201		1.00		-769.671642	1509.006609	344.786070	-118532.647756
20		202		1.00		-769.821782	1506.067248	345.059406	-118720.934222
20		203		1.00		-769.970443	1503.112427	345.330049	-118907.512873
20		204		1.00		-770.117647	1500.143022	345.598039	-119092.406671
20		205		1.00		-770.263415	1497.159881	345.863415	-119275.638168
20		206		1.00		-770.407767	1494.163823	346.126214	-119457.229522
20		207		1.00		-770.550725	1491.155640	346.386473	-119637.202502
20		208		1.00		-770.692308	1488.136095	346.644231	-119815.578495
20		209		1.00		-770.832536	1485.105927	346.899522	-119992.378517
20		210		1.00		-770.971429	1482.065850	347.152381	-120167.623220
20		211		1.00		-771.109005	1479.016554	347.402844	-120341.332899
20		212		1.00		-771.245283	1475.958704	347.650943	-120513.527501
20		213		1.00		-771.380282	1472.892945	347.896714	-120684.226631
20		214		1.00		-771.514019	1469.819897	348.140187	-120853.449559
20		215		1.00		-771.646512	1466.740162	348.381395	-121021.215230
20		216		1.00		-771.777778	1463.654321	348.620370	-121187.542267
20		217		1.00		-771.907834	1460.562934	348.857143	-121352.448980
20		218		1.00		-772.036697	1457.466543	349.091743	-121515.953371
20		219		1.00		-772.164384	1454.365672	349.324201	-121678.073143
20		220		1.00		-772.290909	1451.260826	349.554545	-121838.825702
20		221		1.00		-772.416290	1448.152495	349.782805	-121998.228169
20		222		1.00		-772.504505	1443.349079	350.000000	-122150.000000
20		223		1.00		-772.627803	1440.251604	350.224215	-122306.776730
20		224		1.00		-772.750000	1437.151786	350.446429	-122462.252870
20		225		1.00		-772.871111	1434.050054	350.666667	-122616.444444
20		226		1.00		-772.991150	1430.946824	350.884956	-122769.367217
20		227		1.00		-773.110132	1427.842496	351.101322	-122921.036698
20		228		1.00		-773.228070	1424.737458	351.315789	-123071.468144
20		229		1.00		-773.344978	1421.632082	351.528384	-123220.676570
20		230		1.00		-773.460870	1418.526730	351.739130	-123368.676749
20		231		1.00		-773.575758	1415.421750	351.948052	-123515.483218
20		232		1.00		-773.689655	1412.317479	352.155172	-123661.110285
20		233		1.00		-773.802575	1409.214242	352.360515	-123805.572031
20		234		1.00		-773.914530	1406.112353	352.564103	-123948.882314
20		235		1.00		-773.991489	1401.514821	352.757447	-124085.058832
20		236		1.00		-774.101695	1398.430336	352.957627	-124226.128914
20		237		1.00		-774.210970	1395.347897	353.156118	-124366.087664
20		238		1.00		-774.319328	1392.267778	353.352941	-124504.948097
20		239		1.00		-774.426778	1389.190245	353.548117	-124642.723027
20		240		1.00		-774.533333	1386.115556	353.741667	-124779.425069
20		241		1.00		-774.639004	1383.043956	353.933610	-124915.066648
20		242		1.00		-774.743802	1379.975685	354.123967	-125049.659996
20		243		1.00		-774.847737	1376.910972	354.312757	-125183.217159
20		244		1.00		-774.950820	1373.850040	354.500000	-125315.750000
20		245		1.00		-775.053061	1370.793103	354.685714	-125447.270204
20		246		1.00		-775.154472	1367.740366	354.869919	-125577.789279
20		247		1.00		-775.255061	1364.692029	355.052632	-125707.318560
20		248		1.00		-775.354839	1361.648283	355.233871	-125835.869212
20		249		1.00		-775.453815	1358.609313	355.413655	-125963.452235
20		250		1.00		-775.552000	1355.575296	355.592000	-126090.078464
20		251		1.00		-775.649402	1352.546404	355.768924	-126215.758575
20		252		1.00		-775.746032	1349.522802	355.944444	-126340.503086
20		253		1.00		-775.841897	1346.504648	356.118577	-126464.322361
20		254		1.00		-775.937008	1343.492095	356.291339	-126587.226610
20		255		1.00		-776.031373	1340.485290	356.462745	-126709.225898
20		256		1.00		-776.125000	1337.484375	356.632812	-126830.330139
20		257		1.00		-776.217899	1334.489485	356.801556	-126950.549107
20		258		1.00		-776.310078	1331.500751	356.968992	-127069.892434
20		259		1.00		-776.401544	1328.518299	357.135135	-127188.369613
20		260		1.00		-776.492308	1325.542249	357.300000	-127305.990000
20		261		1.00		-776.582375	1322.572716	357.463602	-127422.762819
20		262		1.00		-776.671756	1319.609813	357.625954	-127538.697162
20		263		1.00		-776.760456	1316.653645	357.787072	-127653.801992
20		264		1.00		-776.848485	1313.704316	357.946970	-127768.086146
20		265		1.00		-776.935849	1310.761922	358.105660	-127881.558334
20		266		1.00		-777.022556	1307.826559	358.263158	-127994.227147
20		267		1.00		-777.108614	1304.898315	358.419476	-128106.101053
20		268		1.00		-777.194030	1301.977278	358.574627	-128217.188405
20		269		1.00		-777.278810	1299.063529	358.728625	-128327.497436
20		270		1.00		-777.362963	1296.157147	358.881481	-128437.036269
20		271		1.00		-777.446494	1293.258207	359.033210	-128545.812911
20		272		1.00		-777.529412	1290.366782	359.183824	-128653.835262
20		273		1.00		-777.611722	1287.482940	359.333333	-128761.111111
20		274		1.00		-777.693431	1284.606745	359.481752	-128867.648143
20		275		1.00		-777.745455	1280.677025	359.621818	-128968.230294
20		276		1.00		-777.826087	1277.824827	359.768116	-129073.329133
20		277		1.00		-777.906137	1274.980359	359.913357	-129177.711478
20		278		1.00		-777.985612	1272.143678	360.057554	-129281.384607
20		279		1.00		-778.064516	1269.314834	360.200717	-129384.355699
20		280		1.00		-778.142857	1266.493878	360.342857	-129486.631837
20		281		1.00		-778.220641	1263.680855	360.483986	-129588.220007
20		282		1.00		-778.297872	1260.875811	360.624113	-129689.127106
20		283		1.00		-778.374558	1258.078787	360.763251	-129789.359937
20		284		1.00		-778.450704	1255.289823	360.901408	-129888.925213
20		285		1.00		-778.526316	1252.508957	361.038596	-129987.829560
20		286		1.00		-778.601399	1249.736222	361.174825	-130086.079515
20		287		1.00		-778.675958	1246.971652	361.310105	-130183.681531
20		288		1.00		-778.750000	1244.215278	361.444444	-130280.641975
20		289		1.00		-778.823529	1241.467128	361.577855	-130376.967134
20		290		1.00		-778.896552	1238.727229	361.710345	-130472.663210
20		291		1.00		-778.969072	1235.995607	361.841924	-130567.736328
20		292		1.00		-779.041096	1233.272284	361.972603	-130662.192531
20		293		1.00		-779.112628	1230.557281	362.102389	-130756.037787
20		294		1.00		-779.183673	1227.850618	362.231293	-130849.277986
20		295		1.00		-779.254237	1225.152313	362.359322	-130941.918943
20		296		1.00		-779.324324	1222.462381	362.486486	-131033.966399
20		297		1.00		-779.393939	1219.780839	362.612795	-131125.426022
20		298		1.00		-779.463087	1217.107698	362.738255	-131216.303410
20		299		1.00		-779.505017	1213.561012	362.856187	-131301.756468
20		300		1.00		-779.573333	1210.911289	362.980000	-131391.500400
20		301		1.00		-779.641196	1208.269931	363.102990	-131480.678381
20		302		1.00		-779.708609	1205.636946	363.225166	-131569.295733
20		303		1.00		-779.775578	1203.012341	363.346535	-131657.357710
20		304		1.00		-779.842105	1200.396122	363.467105	-131744.869503
20		305		1.00		-779.908197	1197.788293	363.586885	-131831.836238
20		306		1.00		-779.973856	1195.188859	363.705882	-131918.262976
20		307		1.00		-780.039088	1192.597821	363.824104	-132004.154718
20		308		1.00		-780.103896	1190.015180	363.941558	-132089.516402
20		309		1.00		-780.168285	1187.440936	364.058252	-132174.352908
20		310		1.00		-780.232258	1184.875088	364.174194	-132258.669053
20		311		1.00		-780.295820	1182.317635	364.289389	-132342.469598
20		312		1.00		-780.358974	1179.768573	364.403846	-132425.759246
20		313		1.00		-780.421725	1177.227899	364.517572	-132508.542641
20		314		1.00		-780.458599	1173.904337	364.624204	-132586.185809
20		315		1.00		-780.520635	1171.386082	364.736508	-132667.983714
20		316		1.00		-780.582278	1168.876142	364.848101	-132749.288896
20		317		1.00		-780.643533	1166.374509	364.958991	-132830.105783
20		318		1.00		-780.704403	1163.881176	365.069182	-132910.438748
20		319		1.00		-780.764890	1161.396134	365.178683	-132990.292116
20		320		1.00		-780.825000	1158.919375	365.287500	-133069.670156
20		321		1.00		-780.884735	1156.450888	365.395639	-133148.577091
20		322		1.00		-780.944099	1153.990664	365.503106	-133227.017090
20		323		1.00		-781.003096	1151.538690	365.609907	-133304.994278
20		324		1.00		-781.061728	1149.094955	365.716049	-133382.512727
20		325		1.00		-781.120000	1146.659446	365.821538	-133459.576464
20		326		1.00		-781.177914	1144.232150	365.926380	-133536.189469
20		327		1.00		-781.235474	1141.813054	366.030581	-133612.355675
20		328		1.00		-781.292683	1139.402142	366.134146	-133688.078971
20		329		1.00		-781.349544	1136.999399	366.237082	-133763.363199
20		330		1.00		-781.406061	1134.604812	366.339394	-133838.212158
20		331		1.00		-781.462236	1132.218362	366.441088	-133912.629604
20		332		1.00		-781.518072	1129.840035	366.542169	-133986.619248
20		333		1.00		-781.573574	1127.469812	366.642643	-134060.184761
20		334		1.00		-781.628743	1125.107677	366.742515	-134133.329772
20		335		1.00		-781.683582	1122.753611	366.841791	-134206.057866
20		336		1.00		-781.738095	1120.407596	366.940476	-134278.372591
20		337		1.00		-781.792285	1118.069614	367.038576	-134350.277452
20		338		1.00		-781.846154	1115.739645	367.136095	-134421.775918
20		339		1.00		-781.876106	1112.751612	367.227139	-134488.544217
20		340		1.00		-781.905882	1109.779377	367.317647	-134554.936194
20		341		1.00		-781.935484	1106.822817	367.407625	-134620.955014
20		342		1.00		-781.941520	1103.598919	367.491228	-134682.311480
20		343		1.00		-781.970845	1100.675535	367.580175	-134747.604825
20		344		1.00		-782.000000	1097.767442	367.668605	-134812.534241
20		345		1.00		-782.052174	1095.521916	367.762319	-134881.360840
20		346		1.00		-782.104046	1093.283972	367.855491	-134949.807010
20		347		1.00		-782.155620	1091.053592	367.948127	-135017.875890
20		348		1.00		-782.206897	1088.830757	368.040230	-135085.570584
20		349		1.00		-782.257880	1086.615447	368.131805	-135152.894163
20		350		1.00		-782.308571	1084.407641	368.222857	-135219.849665
20		351		1.00		-782.336182	1081.584987	368.307692	-135282.248521
20		352		1.00		-782.363636	1078.776860	368.392045	-135344.307109
20		353		1.00		-782.413598	1076.599475	368.481586	-135410.197931
20		354		1.00		-782.463277	1074.429442	368.570621	-135475.732389
20		355		1.00		-782.512676	1072.266741	368.659155	-135540.913358
20		356		1.00		-782.561798	1070.111350	368.747191	-135605.743688
20		357		1.00		-782.588235	1067.362663	368.829132	-135666.099224
20		358		1.00		-782.592179	1064.386754	368.905028	-135722.014606
20		359		1.00		-782.596100	1061.427394	368.980501	-135777.629907
20		360		1.00		-782.644444	1059.318025	369.066667	-135841.137778
20		361		1.00		-782.692521	1057.215706	369.152355	-135904.308530
20		362		1.00		-782.740331	1055.120418	369.237569	-135967.144837
20		363		1.00		-782.787879	1053.032140	369.322314	-136029.649341
20		364		1.00		-782.835165	1050.950851	369.406593	-136091.824659
20		365		1.00		-782.882192	1048.876532	369.490411	-136153.673380
20		366		1.00		-782.907104	1046.237272	369.568306	-136211.164502
20		367		1.00		-782.931880	1043.611163	369.645777	-136268.354357
20		368		1.00		-782.978261	1041.564745	369.728261	-136329.258625
20		369		1.00		-783.024390	1039.525150	369.810298	-136389.846285
20		370		1.00		-783.070270	1037.492359	369.891892	-136450.119795
20		371		1.00		-783.115903	1035.466351	369.973046	-136510.081589
20		372		1.00		-783.161290	1033.447104	370.053763	-136569.734073
20		373		1.00		-783.206434	1031.434597	370.134048	-136629.079631
20		374		1.00		-783.251337	1029.428808	370.213904	-136688.120621
20		375		1.00		-783.296000	1027.429717	370.293333	-136746.859378
20		376		1.00		-783.340426	1025.437302	370.372340	-136805.298212
20		377		1.00		-783.384615	1023.451541	370.450928	-136863.439411
20		378		1.00		-783.428571	1021.472411	370.529101	-136921.285238
20		379		1.00		-783.472296	1019.499892	370.606860	-136978.837936
20		380		1.00		-783.515789	1017.533961	370.684211	-137036.099723
20		381		1.00		-783.559055	1015.574596	370.761155	-137093.072795
20		382		1.00		-783.602094	1013.621776	370.837696	-137149.759327
20		383		1.00		-783.644909	1011.675477	370.913838	-137206.161471
20		384		1.00		-783.666667	1009.222222	370.984375	-137258.422119
20		385		1.00		-783.688312	1006.780772	371.054545	-137310.421157
20		386		1.00		-783.730570	1004.860050	371.129534	-137366.001235
20		387		1.00		-783.772610	1002.945710	371.204134	-137421.305237
20		388		1.00		-783.814433	1001.037730	371.278351	-137476.335211
20		389		1.00		-783.856041	999.136088	371.352185	-137531.093186
20		390		1.00		-783.897436	997.240763	371.425641	-137585.581170
20		391		1.00		-783.938619	995.351731	371.498721	-137639.801153
20		392		1.00		-783.979592	993.468971	371.571429	-137693.755102
20		393		1.00		-784.000000	991.104326	371.638677	-137743.667450
20		394		1.00		-784.020305	988.750857	371.705584	-137793.335412
20		395		1.00		-784.040506	986.408486	371.772152	-137842.760776
20		396		1.00		-784.080808	984.559127	371.843434	-137895.696230
20		397		1.00		-784.120907	982.715860	371.914358	-137948.375093
20		398		1.00		-784.160804	980.878665	371.984925	-138000.799222
20		399		1.00		-784.200501	979.047519	372.055138	-138052.970459
20		400		1.00		-784.240000	977.222400	372.125000	-138104.890625
20		401		1.00		-784.279302	975.403287	372.194514	-138156.561526
20		402		1.00		-784.318408	973.590159	372.263682	-138207.984951
20		403		1.00		-784.357320	971.782992	372.332506	-138259.162670
20		404		1.00		-784.396040	969.981766	372.400990	-138310.096437
20		405		1.00		-784.434568	968.186459	372.469136	-138360.787990
20		406		1.00		-784.472906	966.397049	372.536946	-138411.239050
20		407		1.00		-784.511057	964.613514	372.604423	-138461.451322
20		408		1.00		-784.549020	962.835832	372.671569	-138511.426495
20		409		1.00		-784.586797	961.063982	372.738386	-138561.166241
20		410		1.00		-784.624390	959.297942	372.804878	-138610.672219
20		411		1.00		-784.642336	957.095921	372.866180	-138656.322044
20		412		1.00		-784.679612	955.343953	372.932039	-138705.373551
20		413		1.00		-784.716707	953.597711	372.997579	-138754.196132
20		414		1.00		-784.734300	951.422157	373.057971	-138799.191766
20		415		1.00		-784.771084	949.689766	373.122892	-138847.569319
20		416		1.00		-784.807692	947.963018	373.187500	-138895.722656
20		417		1.00		-784.844125	946.241890	373.251799	-138943.653331
20		418		1.00		-784.880383	944.526362	373.315789	-138991.362881
20		419		1.00		-784.916468	942.816411	373.379475	-139038.852832
20		420		1.00		-784.914286	940.573605	373.433333	-139079.021111
20		421		1.00		-784.950119	938.878747	373.496437	-139126.092055
20		422		1.00		-784.985782	937.189371	373.559242	-139172.947822
20		423		1.00		-785.021277	935.505457	373.621749	-139219.589882
20		424		1.00		-785.056604	933.826985	373.683962	-139266.019691
20		425		1.00		-785.072941	931.742915	373.741176	-139308.725813
20		426		1.00		-785.107981	930.077542	373.802817	-139354.743107
20		427		1.00		-785.142857	928.417531	373.864169	-139400.552408
20		428		1.00		-785.177570	926.762861	373.925234	-139446.155123
20		429		1.00		-785.212121	925.113513	373.986014	-139491.552643
20		430		1.00		-785.246512	923.469465	374.046512	-139536.746349
20		431		1.00		-785.280742	921.830696	374.106729	-139581.737609
20		432		1.00		-785.314815	920.197188	374.166667	-139626.527778
20		433		1.00		-785.348730	918.568919	374.226328	-139671.118199
20		434		1.00		-785.382488	916.945868	374.285714	-139715.510204
20		435		1.00		-785.416092	915.328017	374.344828	-139759.705113
20		436		1.00		-785.449541	913.715344	374.403670	-139803.704234
20		437		1.00		-785.482838	912.107829	374.462243	-139847.508863
20		438		1.00		-785.515982	910.505452	374.520548	-139891.120285
20		439		1.00		-785.548975	908.908194	374.578588	-139934.539775
20		440		1.00		-785.581818	907.316033	374.636364	-139977.768595
20		441		1.00		-785.614512	905.728950	374.693878	-140020.807997
20		442		1.00		-785.647059	904.146926	374.751131	-140063.659221
20		443		1.00		-785.679458	902.569939	374.808126	-140106.323497
20		444		1.00		-785.711712	900.997971	374.864865	-140148.802045
20		445		1.00		-785.743820	899.431001	374.921348	-140191.096074
20		446		1.00		-785.775785	897.869010	374.977578	-140233.206781
20		447		1.00		-785.807606	896.311978	375.033557	-140275.135354
20		448		1.00		-785.839286	894.759885	375.089286	-140316.882972
20		449		1.00		-785.870824	893.212712	375.144766	-140358.450801
20		450		1.00		-785.884444	891.311091	375.195556	-140396.509353
20		451		1.00		-785.915743	889.775606	375.250554	-140437.727966
20		452		1.00		-785.929204	887.888793	375.300885	-140475.453364
20		453		1.00		-785.933775	885.938219	375.346578	-140509.707313
20		454		1.00		-785.947137	884.067690	375.396476	-140547.117545
20		455		1.00		-785.978022	882.557759	375.450549	-140587.664533
20		456		1.00		-786.008772	881.052555	375.504386	-140628.039493
20		457		1.00		-786.039387	879.552059	375.557987	-140668.243516
20		458		1.00		-786.069869	878.056254	375.611354	-140708.277683
20		459		1.00		-786.100218	876.565120	375.664488	-140748.143069
20		460		1.00		-786.130435	875.078639	375.717391	-140787.840737
20		461		1.00		-786.160521	873.596793	375.770065	-140827.371742
20		462		1.00		-786.190476	872.119563	375.822511	-140866.737130
20		463		1.00		-786.220302	870.646931	375.874730	-140905.937939
20		464		1.00		-786.250000	869.178879	375.926724	-140944.975197
20		465		1.00		-786.279570	867.715389	375.978495	-140983.849925
20		466		1.00		-786.309013	866.256442	376.030043	-141022.563134
20		467		1.00		-786.321199	864.470707	376.077088	-141057.898876
20		468		1.00		-786.333333	862.692308	376.123932	-141093.088009
20		469		1.00		-786.362473	861.250276	376.174840	-141131.335473
20		470		1.00		-786.391489	859.812694	376.225532	-141169.425333
20		471		1.00		-786.420382	858.379542	376.276008	-141207.358559
20		472		1.00		-786.449153	856.950804	376.326271	-141245.136114
20		473		1.00		-786.477801	855.526463	376.376321	-141282.758954
20		474		1.00		-786.506329	854.106500	376.426160	-141320.228026
20		475		1.00		-786.534737	852.690899	376.475789	-141357.544270
20		476		1.00		-786.563025	851.279641	376.525210	-141394.708619
20		477		1.00		-786.591195	849.872711	376.574423	-141431.721996
20		478		1.00		-786.619247	848.470090	376.623431	-141468.585319
20		479		1.00		-786.647182	847.071761	376.672234	-141505.299497
20		480		1.00		-786.675000	845.677708	376.720833	-141541.865434
20		481		1.00		-786.669439	843.934388	376.760915	-141572.025977
20		482		1.00		-786.697095	842.551402	376.809129	-141608.310291
20		483		1.00		-786.724638	841.172623	376.857143	-141644.448980
20		484		1.00		-786.752066	839.798033	376.904959	-141680.442917
20		485		1.00		-786.779381	838.427616	376.952577	-141716.292971
20		486		1.00		-786.790123	836.758421	376.995885	-141748.901252
20		487		1.00		-786.800821	835.095851	377.039014	-141781.379346
20		488		1.00		-786.811475	833.439868	377.081967	-141813.728030
20		489		1.00		-786.822086	831.790432	377.124744	-141845.948076
20		490		1.00		-786.848980	830.446581	377.171429	-141881.115102
20		491		1.00		-786.875764	829.106765	377.217923	-141916.143213
20		492		1.00		-786.902439	827.770970	377.264228	-141951.033231
20		493		1.00		-786.929006	826.439179	377.310345	-141985.785969
20		494		1.00		-786.955466	825.111377	377.356275	-142020.402236
20		495		1.00		-786.981818	823.787548	377.402020	-142054.882832
20		496		1.00		-787.008065	822.467677	377.447581	-142089.228554
20		497		1.00		-787.034205	821.151748	377.492958	-142123.440190
20		498		1.00		-787.060241	819.839745	377.538153	-142157.518524
20		499		1.00		-787.086172	818.531652	377.583166	-142191.464331
20		500		1.00		-787.112000	817.227456	377.628000	-142225.278384
20		501		1.00		-787.137725	815.927140	377.672655	-142258.961446
20		502		1.00		-787.163347	814.630688	377.717131	-142292.514278
20		503		1.00		-787.188867	813.338087	377.761431	-142325.937631
20		504		1.00		-787.214286	812.049320	377.805556	-142359.232253
20		505		1.00		-787.239604	810.764372	377.849505	-142392.398886
20		506		1.00		-787.264822	809.483229	377.893281	-142425.438266
20		507		1.00		-787.289941	808.205875	377.936884	-142458.351124
20		508		1.00		-787.314961	806.932296	377.980315	-142491.138183
20		509		1.00		-787.339882	805.662476	378.023576	-142523.800163
20		510		1.00		-787.364706	804.396401	378.066667	-142556.337778
20		511		1.00		-787.389432	803.134057	378.109589	-142588.751736
20		512		1.00		-787.414062	801.875427	378.152344	-142621.042740
20		513		1.00		-787.438596	800.620499	378.194932	-142653.211488
20		514		1.00		-787.463035	799.369256	378.237354	-142685.258672
20		515		1.00		-787.487379	798.121685	378.279612	-142717.184979
20		516		1.00		-787.496124	796.614326	378.317829	-142746.062256
20		517		1.00		-787.504836	795.112646	378.355899	-142774.830726
20		518		1.00		-787.498069	793.601348	378.389961	-142800.572919
20		519		1.00		-787.506744	792.111226	378.427746	-142829.130943
20		520		1.00		-787.530769	790.887515	378.469231	-142860.489408
20		521		1.00		-787.554702	789.667353	378.510557	-142891.730918
20		522		1.00		-787.578544	788.450727	378.551724	-142922.856124
20		523		1.00		-787.602294	787.237624	378.592734	-142953.865674
20		524		1.00		-787.625954	786.028029	378.633588	-142984.760212
20		525		1.00		-787.649524	784.821928	378.674286	-143015.540376
20		526		1.00		-787.673004	783.619309	378.714829	-143046.206798
20		527		1.00		-787.681214	782.167825	378.751423	-143073.889115
20		528		1.00		-787.689394	780.721706	378.787879	-143101.469238
20		529		1.00		-787.697543	779.280920	378.824197	-143128.947731
20		530		1.00		-787.705660	777.845440	378.860377	-143156.325155
20		531		1.00		-787.728814	776.664688	378.900188	-143186.452524
20		532		1.00		-787.751880	775.487308	378.939850	-143216.469783
20		533		1.00		-787.774859	774.313289	378.979362	-143246.377537
20		534		1.00		-787.797753	773.142617	379.018727	-143276.176381
20		535		1.00		-787.820561	771.975278	379.057944	-143305.866909
20		536		1.00		-787.828358	770.567554	379.093284	-143332.624373
20		537		1.00		-787.851024	769.407974	379.132216	-143362.105004
20		538		1.00		-787.858736	768.009784	379.167286	-143388.663672
20		539		1.00		-787.866419	766.616665	379.202226	-143415.126239
20		540		1.00		-787.888889	765.469136	379.240741	-143444.298697
20		541		1.00		-787.911275	764.324845	379.279113	-143473.366259
20		542		1.00		-787.933579	763.183780	379.317343	-143502.329489
20		543		1.00		-787.955801	762.045929	379.355433	-143531.188948
20		544		1.00		-787.977941	760.911278	379.393382	-143559.945191
20		545		1.00		-788.000000	759.779817	379.431193	-143588.598771
20		546		1.00		-788.021978	758.651532	379.468864	-143617.150237
20		547		1.00		-788.043876	757.526411	379.506399	-143645.600132
20		548		1.00		-788.065693	756.404443	379.543796	-143673.948998
20		549		1.00		-788.087432	755.285616	379.581056	-143702.197372
20		550		1.00		-788.109091	754.169917	379.618182	-143730.345785
20		551		1.00		-788.130672	753.057335	379.655172	-143758.394768
20		552		1.00		-788.152174	751.947858	379.692029	-143786.344846
20		553		1.00		-788.173599	750.841473	379.728752	-143814.196541
20		554		1.00		-788.180505	749.512544	379.761733	-143839.212006
20		555		1.00		-788.187387	748.188309	379.794595	-143864.139489
20		556		1.00		-788.208633	747.093163	379.830935	-143891.708439
20		557		1.00		-788.229803	746.001051	379.867145	-143919.181026
20		558		1.00		-788.236559	744.689559	379.899642	-143943.838029
20		559		1.00		-788.243292	743.382670	379.932021	-143968.408914
20		560		1.00		-788.250000	742.080357	379.964286	-143992.894133
20		561		1.00		-788.270945	741.003238	380.000000	-144020.000000
20		562		1.00		-788.291815	739.929079	380.035587	-144047.011943
20		563		1.00		-788.312611	738.857869	380.071048	-144073.930447
20		564		1.00		-788.333333	737.789598	380.106383	-144100.755998
20		565		1.00		-788.353982	736.724254	380.141593	-144127.489075
20		566		1.00		-788.374558	735.661826	380.176678	-144154.130155
20		567		1.00		-788.395062	734.602304	380.211640	-144180.679712
20		568		1.00		-788.415493	733.545675	380.246479	-144207.138217
20		569		1.00		-788.435852	732.491931	380.281195	-144233.506136
20		570		1.00		-788.456140	731.441059	380.315789	-144259.783934
20		571		1.00		-788.476357	730.393049	380.350263	-144285.972071
20		572		1.00		-788.496503	729.347890	380.384615	-144312.071006
20		573		1.00		-788.502618	728.096415	380.415358	-144335.429067
20		574		1.00		-788.501742	726.828394	380.442509	-144356.059925
20		575		1.00		-788.507826	725.585591	380.473043	-144379.263770
20		576		1.00		-788.513889	724.347029	380.503472	-144402.388901
20		577		1.00		-788.506066	723.126913	380.530329	-144422.801180
20		578		1.00		-788.525952	722.103998	380.564014	-144448.404617
20		579		1.00		-788.545769	721.083829	380.597582	-144473.921871
20		580		1.00		-788.565517	720.066397	380.631034	-144499.353377
20		581		1.00		-788.585198	719.051691	380.664372	-144524.699565
20		582		1.00		-788.604811	718.039702	380.697595	-144549.960865
20		583		1.00		-788.624357	717.030419	380.730703	-144575.137701
20		584		1.00		-788.643836	716.023832	380.763699	-144600.230496
20		585		1.00		-788.663248	715.019931	380.796581	-144625.239670
20		586		1.00		-788.682594	714.018707	380.829352	-144650.165640
20		587		1.00		-788.701874	713.020150	380.862010	-144675.008820
20		588		1.00		-788.721088	712.024249	380.894558	-144699.769621
20		589		1.00		-788.740238	711.030996	380.926995	-144724.448454
20		590		1.00		-788.759322	710.040379	380.959322	-144749.045722
20		591		1.00		-788.778342	709.052390	380.991540	-144773.561831
20		592		1.00		-788.797297	708.067020	381.023649	-144797.997181
20		593		1.00		-788.816189	707.084257	381.055649	-144822.352169
20		594		1.00		-788.835017	706.104094	381.087542	-144846.627192
20		595		1.00		-788.853782	705.126519	381.119328	-144870.822642
20		596		1.00		-788.872483	704.151525	381.151007	-144894.938910
20		597		1.00		-788.891122	703.179100	381.182580	-144918.976384
20		598		1.00		-788.909699	702.209237	381.214047	-144942.935448
20		599		1.00		-788.928214	701.241925	381.245409	-144966.816486
20		600		1.00		-788.946667	700.277156	381.276667	-144990.619878
20		601		1.00		-788.965058	699.314919	381.307820	-145014.346001
20		602		1.00		-788.983389	698.355206	381.338870	-145037.995232
20		603		1.00		-789.001658	697.398007	381.369818	-145061.567942
20		604		1.00		-789.019868	696.443314	381.400662	-145085.064504
20		605		1.00		-789.038017	695.491117	381.431405	-145108.485284
20		606		1.00		-789.056106	694.541407	381.462046	-145131.830648
20		607		1.00		-789.074135	693.594174	381.492586	-145155.100961
20		608		1.00		-789.092105	692.649411	381.523026	-145178.296583
20		609		1.00		-789.110016	691.707108	381.553366	-145201.417873
20		610		1.00		-789.127869	690.767256	381.583607	-145224.465187
20		611		1.00		-789.145663	689.829846	381.613748	-145247.438880
20		612		1.00		-789.163399	688.894869	381.643791	-145270.339303
20		613		1.00		-789.181077	687.962317	381.673736	-145293.166807
20		614		1.00		-789.198697	687.032181	381.703583	-145315.921739
20		615		1.00		-789.216260	686.104451	381.733333	-145338.604444
20		616		1.00		-789.233766	685.179120	381.762987	-145361.215266
20		617		1.00		-789.251216	684.256178	381.792545	-145383.754545
20		618		1.00		-789.268608	683.335617	381.822006	-145406.222620
20		619		1.00		-789.285945	682.417428	381.851373	-145428.619828
20		620		1.00		-789.303226	681.501602	381.880645	-145450.946504
20		621		1.00		-789.320451	680.588132	381.909823	-145473.202979
20		622		1.00		-789.337621	679.677009	381.938907	-145495.389584
20		623		1.00		-789.354735	678.768224	381.967897	-145517.506649
20		624		1.00		-789.371795	677.861769	381.996795	-145539.554497
20		625		1.00		-789.388800	676.957635	382.025600	-145561.533455
20		626		1.00		-789.405751	676.055814	382.054313	-145583.443844
20		627		1.00		-789.422648	675.156297	382.082935	-145605.285985
20		628		1.00		-789.439490	674.259077	382.111465	-145627.060195
20		629		1.00		-789.456280	673.364146	382.139905	-145648.766791
20		630		1.00		-789.473016	672.471494	382.168254	-145670.406087
20		631		1.00		-789.477021	671.415874	382.193344	-145689.558776
20		632		1.00		-789.481013	670.363564	382.218354	-145708.652109
20		633		1.00		-789.497630	669.479062	382.246445	-145730.098650
20		634		1.00		-789.514196	668.596802	382.274448	-145751.479107
20		635		1.00		-789.530709	667.716774	382.302362	-145772.793785
20		636		1.00		-789.547170	666.838970	382.330189	-145794.042987
20		637		1.00		-789.563579	665.963383	382.357928	-145815.227013
20		638		1.00		-789.579937	665.090005	382.385580	-145836.346164
20		639		1.00		-789.596244	664.218828	382.413146	-145857.400736
20		640		1.00		-789.612500	663.349844	382.440625	-145878.391025
20		641		1.00		-789.628705	662.483045	382.468019	-145899.317325
20		642		1.00		-789.644860	661.618424	382.495327	-145920.179928
20		643		1.00		-789.660964	660.755972	382.522551	-145940.979124
20		644		1.00		-789.677019	659.895683	382.549689	-145961.715202
20		645		1.00		-789.693023	659.037548	382.576744	-145982.388448
20		646		1.00		-789.708978	658.181560	382.603715	-146002.999147
20		647		1.00		-789.724884	657.327712	382.630603	-146023.547583
20		648		1.00		-789.740741	656.475995	382.657407	-146044.034036
20		649		1.00		-789.756549	655.626402	382.684129	-146064.458788
20		650		1.00		-789.772308	654.778925	382.710769	-146084.822116
20		651		1.00		-789.788018	653.933558	382.737327	-146105.124297
20		652		1.00		-789.779141	652.981896	382.757669	-146120.675289
20		653		1.00		-789.782542	651.989466	382.781011	-146138.521157
20		654		1.00		-789.798165	651.151923	382.807339	-146158.651797
20		655		1.00		-789.813740	650.316452	382.833588	-146178.722350
20		656		1.00		-789.829268	649.483046	382.859756	-146198.733083
20		657		1.00		-789.844749	648.651696	382.885845	-146218.684264
20		658		1.00		-789.860182	647.822396	382.911854	-146238.576159
20		659		1.00		-789.875569	646.995139	382.937785	-146258.409030
20		660		1.00		-789.890909	646.169917	382.963636	-146278.183140
20		661		1.00		-789.906203	645.346724	382.989410	-146297.898751
20		662		1.00		-789.921450	644.525552	383.015106	-146317.556119
20		663		1.00		-789.936652	643.706394	383.040724	-146337.155505
20		664		1.00		-789.951807	642.889244	383.066265	-146356.697162
20		665		1.00		-789.966917	642.074094	383.091729	-146376.181347
20		666		1.00		-789.981982	641.260937	383.117117	-146395.608311
20		667		1.00		-789.997001	640.449766	383.142429	-146414.978307
20		668		1.00		-790.011976	639.640575	383.167665	-146434.291584
20		669		1.00		-790.014948	638.690360	383.189836	-146451.260253
20		670		1.00		-790.017910	637.742963	383.211940	-146468.179247
20		671		1.00		-790.032787	636.940803	383.236960	-146487.330368
20		672		1.00		-790.035714	635.998724	383.258929	-146504.147401
20		673		1.00		-790.050520	635.201014	383.283804	-146523.190500
20		674		1.00		-790.065282	634.405234	383.308605	-146542.178323
20		675		1.00		-790.068148	633.470911	383.330370	-146558.842478
20		676		1.00		-790.071006	632.539337	383.352071	-146575.458274
20		677		1.00		-790.085672	631.750415	383.376662	-146594.288107
20		678		1.00		-790.100295	630.963392	383.401180	-146613.063600
20		679		1.00		-790.114875	630.178262	383.425626	-146631.784987
20		680		1.00		-790.129412	629.395017	383.450000	-146650.452500
20		681		1.00		-790.143906	628.613652	383.474302	-146669.066373
20		682		1.00		-790.158358	627.834160	383.498534	-146687.626835
20		683		1.00		-790.172767	627.056535	383.522694	-146706.134117
20		684		1.00		-790.187135	626.280770	383.546784	-146724.588446
20		685		1.00		-790.201460	625.506859	383.570803	-146742.990050
20		686		1.00		-790.215743	624.734796	383.594752	-146761.339153
20		687		1.00		-790.218341	623.830057	383.615721	-146777.405313
20		688		1.00		-790.232558	623.062196	383.639535	-146795.653191
20		689		1.00		-790.246734	622.296161	383.663280	-146813.849229
20		690		1.00		-790.260870	621.531947	383.686957	-146831.993648
20		691		1.00		-790.274964	620.769547	383.710564	-146850.086667
20		692		1.00		-790.289017	620.008955	383.734104	-146868.128504
20		693		1.00		-790.303030	619.250164	383.757576	-146886.119376
20		694		1.00		-790.317003	618.493169	383.780980	-146904.059497
20		695		1.00		-790.319424	617.607321	383.801439	-146919.743024
20		696		1.00		-790.333333	616.854406	383.824713	-146937.585323
20		697		1.00		-790.347202	616.103267	383.847920	-146955.377504
20		698		1.00		-790.361032	615.353897	383.871060	-146973.119777
20		699		1.00		-790.374821	614.606290	383.894134	-146990.812352
20		700		1.00		-790.388571	613.860441	383.917143	-147008.455437
20		701		1.00		-790.402282	613.116343	383.940086	-147026.049239
20		702		1.00		-790.415954	612.373990	383.962963	-147043.593964
20		703		1.00		-790.429587	611.633378	383.985775	-147061.089818
20		704		1.00		-790.443182	610.894499	384.008523	-147078.537004
20		705		1.00		-790.456738	610.157348	384.031206	-147095.935726
20		706		1.00		-790.470255	609.421920	384.053824	-147113.286183
20		707		1.00		-790.483734	608.688208	384.076379	-147130.588578
20		708		1.00		-790.497175	607.956207	384.098870	-147147.843109
20		709		1.00		-790.510578	607.225911	384.121298	-147165.049974
20		710		1.00		-790.523944	606.497314	384.143662	-147182.209371
20		711		1.00		-790.537271	605.770411	384.165963	-147199.321496
20		712		1.00		-790.550562	605.045196	384.188202	-147216.386544
20		713		1.00		-790.563815	604.321664	384.210379	-147233.404708
20		714		1.00		-790.577031	603.599809	384.232493	-147250.376182
20		715		1.00		-790.590210	602.879624	384.254545	-147267.301157
20		716		1.00		-790.603352	602.161106	384.276536	-147284.179824
20		717		1.00		-790.616457	601.444248	384.298466	-147301.012373
20		718		1.00		-790.629526	600.729045	384.320334	-147317.798993
20		719		1.00		-790.642559	600.015491	384.342142	-147334.539871
20		720		1.00		-790.655556	599.303580	384.363889	-147351.235193
20		721		1.00		-790.668516	598.593308	384.385576	-147367.885146
20		722		1.00		-790.681440	597.884669	384.407202	-147384.489913
20		723		1.00		-790.694329	597.177658	384.428769	-147401.049680
20		724		1.00		-790.707182	596.472269	384.450276	-147417.564627
20		725		1.00		-790.720000	595.768497	384.471724	-147434.034937
20		726		1.00		-790.732782	595.066336	384.493113	-147450.460791
20		727		1.00		-790.745530	594.365781	384.514443	-147466.842368
20		728		1.00		-790.758242	593.666828	384.535714	-147483.179847
20		729		1.00		-790.770919	592.969470	384.556927	-147499.473405
20		730		1.00		-790.783562	592.273702	384.578082	-147515.723220
20		731		1.00		-790.785226	591.465500	384.596443	-147529.827701
20		732		1.00		-790.797814	590.773329	384.617486	-147545.993311
20		733		1.00		-790.810368	590.082730	384.638472	-147562.115696
20		734		1.00		-790.822888	589.393700	384.659401	-147578.195027
20		735		1.00		-790.835374	588.706232	384.680272	-147594.231478
20		736		1.00		-790.847826	588.020321	384.701087	-147610.225219
20		737		1.00		-790.860244	587.335964	384.721845	-147626.176420
20		738		1.00		-790.872629	586.653153	384.742547	-147642.085252
20		739		1.00		-790.884980	585.971885	384.763194	-147657.951882
20		740		1.00		-790.897297	585.292155	384.783784	-147673.776479
20		741		1.00		-790.909582	584.613957	384.804318	-147689.559209
20		742		1.00		-790.921833	583.937286	384.824798	-147705.300238
20		743		1.00		-790.934051	583.262138	384.845222	-147720.999730
20		744		1.00		-790.946237	582.588507	384.865591	-147736.657851
20		745		1.00		-790.958389	581.916389	384.885906	-147752.274762
20		746		1.00		-790.970509	581.245779	384.906166	-147767.850628
20		747		1.00		-790.982597	580.576672	384.926372	-147783.385608
20		748		1.00		-790.994652	579.909062	384.946524	-147798.879865
20		749		1.00		-791.006676	579.242946	384.966622	-147814.333557
20		750		1.00		-791.018667	578.578318	384.986667	-147829.746844
20		751		1.00		-791.030626	577.915174	385.006658	-147845.119885
20		752		1.00		-791.042553	577.253508	385.026596	-147860.452835
20		753		1.00		-791.054449	576.593317	385.046481	-147875.745852
20		754		1.00		-791.066313	575.934595	385.066313	-147890.999092
20		755		1.00		-791.078146	575.277337	385.086093	-147906.212710
20		756		1.00		-791.089947	574.621539	385.105820	-147921.386859
20		757		1.00		-791.101717	573.967197	385.125495	-147936.521694
20		758		1.00		-791.113456	573.314304	385.145119	-147951.617366
20		759		1.00		-791.125165	572.662858	385.164690	-147966.674027
20		760		1.00		-791.136842	572.012853	385.184211	-147981.691828
20		761		1.00		-791.137976	571.262171	385.201051	-147994.648832
20		762		1.00		-791.149606	570.615413	385.220472	-148009.591915
20		763		1.00		-791.161206	569.970081	385.239843	-148024.496581
20		764		1.00		-791.172775	569.326170	385.259162	-148039.362977
20		765		1.00		-791.184314	568.683676	385.278431	-148054.191250
20		766		1.00		-791.195822	568.042594	385.297650	-148068.981546
20		767		1.00		-791.207301	567.402919	385.316819	-148083.734012
20		768		1.00		-791.218750	566.764648	385.335938	-148098.448792
20		769		1.00		-791.219766	566.028426	385.352406	-148111.124190
20		770		1.00		-791.231169	565.393314	385.371429	-148125.766531
20		771		1.00		-791.242542	564.759591	385.390402	-148140.371610
20		772		1.00		-791.253886	564.127252	385.409326	-148154.939569
20		773		1.00		-791.265201	563.496292	385.428202	-148169.470550
20		774		1.00		-791.276486	562.866708	385.447028	-148183.964692
20		775		1.00		-791.287742	562.238495	385.465806	-148198.422137
20		776		1.00		-791.298969	561.611648	385.484536	-148212.843023
20		777		1.00		-791.310167	560.986164	385.503218	-148227.227488
20		778		1.00		-791.321337	560.362038	385.521851	-148241.575670
20		779		1.00		-791.332478	559.739266	385.540436	-148255.887707
20		780		1.00		-791.343590	559.117844	385.558974	-148270.163734
20		781		1.00		-791.354673	558.497766	385.577465	-148284.403888
20		782		1.00		-791.365729	557.879030	385.595908	-148298.608303
20		783		1.00		-791.376756	557.261631	385.614304	-148312.777114
20		784		1.00		-791.377551	556.551333	385.630102	-148324.945498
20		785		1.00		-791.378344	555.842843	385.645860	-148337.083377
20		786		1.00		-791.379135	555.136155	385.661578	-148349.190866
20		787		1.00		-791.379924	554.431261	385.677255	-148361.268078
20		788		1.00		-791.390863	553.821845	385.695431	-148375.270427
20		789		1.00		-791.401774	553.213736	385.713561	-148389.237941
20		790		1.00		-791.402532	552.513918	385.729114	-148401.220215
20		791		1.00		-791.413401	551.908746	385.747155	-148415.120820
20		792		1.00		-791.424242	551.304867	385.765152	-148428.986972
20		793		1.00		-791.435057	550.702277	385.783102	-148442.818798
20		794		1.00		-791.445844	550.100971	385.801008	-148456.616424
20		795		1.00		-791.456604	549.500947	385.818868	-148470.379979
20		796		1.00		-791.467337	548.902199	385.836683	-148484.109587
20		797		1.00		-791.478043	548.304725	385.854454	-148497.805374
20		798		1.00		-791.488722	547.708519	385.872180	-148511.467466
20		799		1.00		-791.499374	547.113579	385.889862	-148525.095985
20		800		1.00		-791.510000	546.519900	385.907500	-148538.691056
20		801		1.00		-791.520599	545.927478	385.925094	-148552.252802
20		802		1.00		-791.531172	545.336310	385.942643	-148565.781345
20		803		1.00		-791.541719	544.746392	385.960149	-148579.276806
20		804		1.00		-791.552239	544.157719	385.977612	-148592.739307
20		805		1.00		-791.562733	543.570288	385.995031	-148606.168969
20		806		1.00		-791.573201	542.984096	386.012407	-148619.565911
20		807		1.00		-791.583643	542.399138	386.029740	-148632.930252
20		808		1.00		-791.594059	541.815410	386.047030	-148646.262113
20		809		1.00		-791.604450	541.232910	386.064277	-148659.561610
20		810		1.00		-791.614815	540.651632	386.081481	-148672.828861
20		811		1.00		-791.625154	540.071574	386.098644	-148686.063985
20		812		1.00		-791.635468	539.492732	386.115764	-148699.267096
20		813		1.00		-791.645756	538.915102	386.132841	-148712.438311
20		814		1.00		-791.646192	538.253198	386.147420	-148723.682666
20		815		1.00		-791.646626	537.592918	386.161963	-148734.899852
20		816		1.00		-791.656863	537.019512	386.178922	-148747.980542
20		817		1.00		-791.667075	536.447300	386.195838	-148761.029785
20		818		1.00		-791.677262	535.876280	386.212714	-148774.047692
20		819		1.00		-791.687424	535.306447	386.229548	-148787.034377
20		820		1.00		-791.687805	534.653754	386.243902	-148798.108269
20		821		1.00		-791.697929	534.086585	386.260658	-148811.035056
20		822		1.00		-791.708029	533.520592	386.277372	-148823.930950
20		823		1.00		-791.718104	532.955772	386.294046	-148836.796062
20		824		1.00		-791.728155	532.392120	386.310680	-148849.630502
20		825		1.00		-791.738182	531.829633	386.327273	-148862.434380
20		826		1.00		-791.748184	531.268308	386.343826	-148875.207804
20		827		1.00		-791.758162	530.708141	386.360339	-148887.950884
20		828		1.00		-791.768116	530.149128	386.376812	-148900.663726
20		829		1.00		-791.778046	529.591267	386.393245	-148913.346439
20		830		1.00		-791.787952	529.034554	386.409639	-148925.999129
20		831		1.00		-791.797834	528.478984	386.425993	-148938.621903
20		832		1.00		-791.807692	527.924556	386.442308	-148951.214867
20		833		1.00		-791.817527	527.371265	386.458583	-148963.778126
20		834		1.00		-791.827338	526.819109	386.474820	-148976.311785
20		835		1.00		-791.837126	526.268083	386.491018	-148988.815949
20		836		1.00		-791.827751	525.711957	386.502392	-148997.596896
20		837		1.00		-791.818399	525.156985	386.513740	-149006.357118
20		838		1.00		-791.818616	524.530346	386.527446	-149016.939297
20		839		1.00		-791.818832	523.905200	386.541120	-149027.496625
20		840		1.00		-791.828571	523.361088	386.557143	-149039.867551
20		841		1.00		-791.838288	522.818082	386.573127	-149052.209569
20		842		1.00		-791.847981	522.276178	386.589074	-149064.522780
20		843		1.00		-791.857651	521.735371	386.604982	-149076.807285
20		844		1.00		-791.867299	521.195660	386.620853	-149089.063184
20		845		1.00		-791.876923	520.657041	386.636686	-149101.290577
20		846		1.00		-791.886525	520.119511	386.652482	-149113.489563
20		847		1.00		-791.896104	519.583066	386.668241	-149125.660241
20		848		1.00		-791.905660	519.047704	386.683962	-149137.802710
20		849		1.00		-791.915194	518.513420	386.699647	-149149.917067
20		850		1.00		-791.924706	517.980213	386.715294	-149162.003410
20		851		1.00		-791.934195	517.448079	386.730905	-149174.061836
20		852		1.00		-791.943662	516.917014	386.746479	-149186.092442
20		853		1.00		-791.953107	516.387016	386.762016	-149198.095323
20		854		1.00		-791.962529	515.858081	386.777518	-149210.070576
20		855		1.00		-791.971930	515.330206	386.792982	-149222.018295
20		856		1.00		-791.981308	514.803389	386.808411	-149233.938575
20		857		1.00		-791.990665	514.277626	386.823804	-149245.831512
20		858		1.00		-792.000000	513.752914	386.839161	-149257.697198
20		859		1.00		-792.009313	513.229250	386.854482	-149269.535727
20		860		1.00		-792.018605	512.706631	386.869767	-149281.347193
20		861		1.00		-792.027875	512.185053	386.885017	-149293.131688
20		862		1.00		-792.027842	511.590872	386.897912	-149303.096269
20		863		1.00		-792.037080	511.071626	386.913094	-149314.829105
20		864		1.00		-792.046296	510.553412	386.928241	-149326.535242
20		865		1.00		-792.055491	510.036227	386.943353	-149338.214770
20		866		1.00		-792.064665	509.520068	386.958430	-149349.867779
20		867		1.00		-792.073818	509.004932	386.973472	-149361.494360
20		868		1.00		-792.082949	508.490815	386.988479	-149373.094603
20		869		1.00		-792.092060	507.977716	387.003452	-149384.668596
20		870		1.00		-792.101149	507.465631	387.018391	-149396.216430
20		871		1.00		-792.110218	506.954557	387.033295	-149407.738192
20		872		1.00		-792.119266	506.444491	387.048165	-149419.233971
20		873		1.00		-792.128293	505.935431	387.063001	-149430.703855
20		874		1.00		-792.137300	505.427373	387.077803	-149442.147930
20		875		1.00		-792.146286	504.920315	387.092571	-149453.566284
20		876		1.00		-792.155251	504.414253	387.107306	-149464.959003
20		877		1.00		-792.164196	503.909186	387.122007	-149476.326174
20		878		1.00		-792.173121	503.405109	387.136674	-149487.667883
20		879		1.00		-792.182025	502.902020	387.151308	-149498.984214
20		880		1.00		-792.190909	502.399917	387.165909	-149510.275253
20		881		1.00		-792.199773	501.898797	387.180477	-149521.541085
20		882		1.00		-792.208617	501.398656	387.195011	-149532.781794
20		883		1.00		-792.208381	500.830870	387.207248	-149542.245670
20		884		1.00		-792.208145	500.264368	387.219457	-149551.688433
20		885		1.00		-792.207910	499.699146	387.231638	-149561.110154
20		886		1.00		-792.207675	499.135201	387.243792	-149570.510902
20		887		1.00		-792.216460	498.640856	387.258174	-149581.634861
20		888		1.00		-792.225225	498.147472	387.272523	-149592.734178
20		889		1.00		-792.233971	497.655044	387.286839	-149603.808936
20		890		1.00		-792.242697	497.163570	387.301124	-149614.859215
20		891		1.00		-792.251403	496.673048	387.315376	-149625.885096
20		892		1.00		-792.260090	496.183474	387.329596	-149636.886661
20		893		1.00		-792.268757	495.694847	387.343785	-149647.863989
20		894		1.00		-792.277405	495.207163	387.357942	-149658.817160
20		895		1.00		-792.286034	494.720419	387.372067	-149669.746255
20		896		1.00		-792.294643	494.234614	387.386161	-149680.651352
20		897		1.00		-792.303233	493.749744	387.400223	-149691.532531
20		898		1.00		-792.311804	493.265807	387.414254	-149702.389869
20		899		1.00		-792.320356	492.782800	387.428254	-149713.223446
20		900		1.00		-792.328889	492.300721	387.442222	-149724.033338
20		901		1.00		-792.337403	491.819567	387.456160	-149734.819625
20		902		1.00		-792.345898	491.339335	387.470067	-149745.582382
20		903		1.00		-792.354374	490.860022	387.483942	-149756.321686
20		904		1.00		-792.353982	490.317174	387.495575	-149765.325241
20		905		1.00		-792.362431	489.839915	387.509392	-149776.019701
20		906		1.00		-792.370861	489.363566	387.523179	-149786.690935
20		907		1.00		-792.379272	488.888126	387.536935	-149797.339016
20		908		1.00		-792.387665	488.413592	387.550661	-149807.964020
20		909		1.00		-792.396040	487.939962	387.564356	-149818.566023
20		910		1.00		-792.404396	487.467233	387.578022	-149829.145098
20		911		1.00		-792.412733	486.995403	387.591658	-149839.701321
20		912		1.00		-792.421053	486.524469	387.605263	-149850.234765
20		913		1.00		-792.429354	486.054429	387.618839	-149860.745503
20		914		1.00		-792.437637	485.585279	387.632385	-149871.233609
20		915		1.00		-792.445902	485.117019	387.645902	-149881.699156
20		916		1.00		-792.454148	484.649644	387.659389	-149892.142217
20		917		1.00		-792.462377	484.183154	387.672846	-149902.562864
20		918		1.00		-792.470588	483.717545	387.686275	-149912.961169
20		919		1.00		-792.478781	483.252814	387.699674	-149923.337204
20		920		1.00		-792.486957	482.788960	387.713043	-149933.691040
20		921		1.00		-792.495114	482.325980	387.726384	-149944.022748
20		922		1.00		-792.503254	481.863872	387.739696	-149954.332400
20		923		1.00		-792.502709	481.342084	387.750813	-149962.941834
20		924		1.00		-792.493506	480.899308	387.759740	-149969.856426
20		925		1.00		-792.484324	480.457322	387.768649	-149976.756226
20		926		1.00		-792.483801	479.938722	387.779698	-149985.314192
20		927		1.00		-792.491909	479.481866	387.792880	-149995.525099
20		928		1.00		-792.500000	479.025862	387.806034	-150005.714347
20		929		1.00		-792.508073	478.570710	387.819160	-150015.882003
20		930		1.00		-792.516129	478.116407	387.832258	-150026.028137
20		931		1.00		-792.524168	477.662950	387.845328	-150036.152817
20		932		1.00		-792.523605	477.150730	387.856223	-150044.593633
20		933		1.00		-792.523044	476.639608	387.867095	-150053.016592
20		934		1.00		-792.531049	476.189079	387.880086	-150063.080761
20		935		1.00		-792.539037	475.739385	387.893048	-150073.123738
20		936		1.00		-792.547009	475.290525	387.905983	-150083.145591
20		937		1.00		-792.554963	474.842497	387.918890	-150093.146387
20		938		1.00		-792.562900	474.395297	387.931770	-150103.126191
20		939		1.00		-792.570820	473.948925	387.944622	-150113.085069
20		940		1.00		-792.578723	473.503377	387.957447	-150123.023087
20		941		1.00		-792.586610	473.058652	387.970244	-150132.940312
20		942		1.00		-792.594480	472.614747	387.983015	-150142.836807
20		943		1.00		-792.602333	472.171659	387.995758	-150152.712637
20		944		1.00		-792.610169	471.729388	388.008475	-150162.567868
20		945		1.00		-792.617989	471.287930	388.021164	-150172.402564
20		946		1.00		-792.625793	470.847284	388.033827	-150182.216789
20		947		1.00		-792.633580	470.407447	388.046463	-150192.010606
20		948		1.00		-792.641350	469.968417	388.059072	-150201.784080
20		949		1.00		-792.649104	469.530192	388.071654	-150211.537273
20		950		1.00		-792.656842	469.092769	388.084211	-150221.270249
20		951		1.00		-792.664564	468.656147	388.096740	-150230.983071
20		952		1.00		-792.672269	468.220323	388.109244	-150240.675800
20		953		1.00		-792.679958	467.785296	388.121721	-150250.348499
20		954		1.00		-792.679245	467.295439	388.132075	-150258.375934
20		955		1.00		-792.686911	466.862185	388.144503	-150268.010410
20		956		1.00		-792.694561	466.429719	388.156904	-150277.625037
20		957		1.00		-792.693835	465.942836	388.167189	-150285.599530
20		958		1.00		-792.688935	465.479439	388.175365	-150291.938895
20		959		1.00		-792.696559	465.049738	388.187696	-150301.499255
20		960		1.00		-792.704167	464.620816	388.200000	-150311.040000
20		961		1.00		-792.695109	464.216095	388.208117	-150317.333635
20		962		1.00		-792.686071	463.812051	388.216216	-150323.614317
20		963		1.00		-792.693666	463.385910	388.228453	-150333.103073
20		964		1.00		-792.701245	462.960538	388.240664	-150342.572442
20		965		1.00		-792.708808	462.535933	388.252850	-150352.022482
20		966		1.00		-792.716356	462.112093	388.265010	-150361.453253
20		967		1.00		-792.723888	461.689016	388.277146	-150370.864814
20		968		1.00		-792.731405	461.266700	388.289256	-150380.257223
20		969		1.00		-792.738906	460.845143	388.301342	-150389.630538
20		970		1.00		-792.746392	460.424343	388.313402	-150398.984819
20		971		1.00		-792.753862	460.004298	388.325438	-150408.320122
20		972		1.00		-792.761317	459.585006	388.337449	-150417.636505
20		973		1.00		-792.768756	459.166465	388.349435	-150426.934027
20		974		1.00		-792.776181	458.748673	388.361396	-150436.212743
20		975		1.00		-792.783590	458.331628	388.373333	-150445.472711
20		976		1.00		-792.790984	457.915329	388.385246	-150454.713988
20		977		1.00		-792.798362	457.499772	388.397134	-150463.936631
20		978		1.00		-792.805726	457.084957	388.408998	-150473.140694
20		979		1.00		-792.813075	456.670881	388.420838	-150482.326236
20		980		1.00		-792.820408	456.257543	388.432653	-150491.493311
20		981		1.00		-792.827727	455.844940	388.444444	-150500.641975
20		982		1.00		-792.835031	455.433070	388.456212	-150509.772284
20		983		1.00		-792.842319	455.021932	388.467955	-150518.884292
20		984		1.00		-792.849593	454.611524	388.479675	-150527.978055
20		985		1.00		-792.856853	454.201844	388.491371	-150537.053628
20		986		1.00		-792.855984	453.741937	388.501014	-150544.537019
20		987		1.00		-792.863222	453.333875	388.512665	-150553.577921
20		988		1.00		-792.870445	452.926535	388.524291	-150562.600793
20		989		1.00		-792.877654	452.519915	388.535895	-150571.605687
20		990		1.00		-792.884848	452.114013	388.547475	-150580.592658
20		991		1.00		-792.892028	451.708826	388.559031	-150589.561759
20		992		1.00		-792.899194	451.304354	388.570565	-150598.513044
20		993		1.00		-792.898288	450.850682	388.580060	-150605.883298
20		994		1.00		-792.897384	450.397921	388.589537	-150613.238902
20		995		1.00		-792.896482	449.946068	388.598995	-150620.579901
20		996		1.00		-792.903614	449.544927	388.610442	-150629.465009
20		997		1.00		-792.910732	449.144489	388.621866	-150638.332554
20		998		1.00		-792.917836	448.744752	388.633267	-150647.182590
20		999		1.00		-792.924925	448.345715	388.644645	-150656.015166
