#size		cycles		temp		<E>		<C_v>		<|M|>		<chi>
20		1		2.40		-676.000000	0.000000	366.000000	-133590.000000
20		2		2.40		-674.000000	4.000000	363.000000	-131406.000000
20		3		2.40		-669.333333	46.222222	358.666667	-128283.111111
20		4		2.40		-659.000000	355.000000	353.000000	-124256.000000
20		5		2.40		-656.000000	320.000000	350.800000	-122709.840000
20		6		2.40		-654.000000	286.666667	351.333333	-123083.777778
20		7		2.40		-649.714286	355.918367	348.571429	-121153.469388
20		8		2.40		-643.000000	627.000000	345.500000	-119024.750000
20		9		2.40		-637.777778	775.506173	342.444444	-116925.753086
20		10		2.40		-631.200000	1087.360000	338.400000	-114176.160000
20		11		2.40		-625.090909	1361.719008	334.909091	-111829.190083
20		12		2.40		-616.333333	2091.888889	329.500000	-108240.750000
20		13		2.40		-610.153846	2389.207101	325.692308	-105749.786982
20		14		2.40		-602.571429	2965.959184	322.285714	-103545.795918
20		15		2.40		-595.733333	3422.862222	319.066667	-101484.471111
20		16		2.40		-591.750000	3446.937500	315.875000	-99461.140625
20		17		2.40		-587.529412	3529.190311	312.705882	-97472.262976
20		18		2.40		-584.222222	3519.061728	309.666667	-95583.777778
20		19		2.40		-581.684211	3449.795014	306.105263	-93394.326870
20		20		2.40		-580.400000	3308.640000	302.000000	-90902.000000
20		21		2.40		-576.571429	3444.244898	298.380952	-88732.811791
20		22		2.40		-573.454545	3491.702479	294.454545	-86409.024793
20		23		2.40		-571.652174	3411.357278	290.608696	-84162.805293
20		24		2.40		-571.333333	3271.555556	285.833333	-81414.861111
20		25		2.40		-569.760000	3200.102400	280.640000	-78478.169600
20		26		2.40		-566.153846	3402.130178	274.923077	-75307.775148
20		27		2.40		-563.703704	3432.208505	270.888889	-73109.901235
20		28		2.40		-559.285714	3836.632653	267.285714	-71174.367347
20		29		2.40		-556.413793	3935.277051	263.724138	-69286.696790
20		30		2.40		-554.933333	3867.662222	260.200000	-67443.840000
20		31		2.40		-552.516129	3918.185224	257.870968	-66239.565036
20		32		2.40		-549.250000	4126.437500	254.500000	-64515.750000
20		33		2.40		-546.787879	4195.379247	251.636364	-63069.223140
20		34		2.40		-545.529412	4124.249135	249.000000	-61752.000000
20		35		2.40		-544.914286	4019.278367	247.542857	-61029.923265
20		36		2.40		-545.333333	3913.777778	246.166667	-60351.861111
20		37		2.40		-544.972973	3812.674945	244.216216	-59397.344047
20		38		2.40		-544.947368	3712.365651	242.368421	-58500.083102
20		39		2.40		-544.205128	3638.111769	241.076923	-57877.005917
20		40		2.40		-543.400000	3572.440000	239.800000	-57264.240000
20		41		2.40		-541.463415	3635.321832	237.756098	-56290.205830
20		42		2.40		-540.190476	3615.201814	236.761905	-55819.437642
20		43		2.40		-538.232558	3692.131963	235.488372	-55219.285019
20		44		2.40		-535.000000	4057.545455	233.318182	-54204.055785
20		45		2.40		-533.155556	4117.064691	231.733333	-53468.604444
20		46		2.40		-531.391304	4167.629490	229.913043	-52630.094518
20		47		2.40		-531.404255	4078.964237	228.936170	-52182.833861
20		48		2.40		-530.833333	4009.305556	227.541667	-51547.668403
20		49		2.40		-529.469388	4016.779675	225.877551	-50794.790504
20		50		2.40		-528.160000	4020.454400	224.560000	-50202.633600
20		51		2.40		-527.450980	3966.757401	223.882353	-49899.425606
20		52		2.40		-526.230769	3966.408284	223.115385	-49557.359467
20		53		2.40		-524.905660	3982.877892	222.716981	-49380.136703
20		54		2.40		-524.000000	3952.592593	222.222222	-49160.493827
20		55		2.40		-522.690909	3973.268099	221.236364	-48724.292231
20		56		2.40		-521.714286	3954.775510	220.928571	-48588.505102
20		57		2.40		-520.561404	3959.825177	220.807018	-48534.931979
20		58		2.40		-519.862069	3919.429251	220.551724	-48422.511296
20		59		2.40		-519.457627	3862.485493	220.949153	-48597.578857
20		60		2.40		-518.600000	3841.506667	220.800000	-48531.840000
20		61		2.40		-517.245902	3888.546090	220.918033	-48583.859178
20		62		2.40		-516.129032	3901.918835	220.935484	-48591.552549
20		63		2.40		-514.920635	3930.517511	221.079365	-48655.006299
20		64		2.40		-514.250000	3897.437500	221.406250	-48799.321289
20		65		2.40		-513.415385	3882.058225	221.261538	-48735.406864
20		66		2.40		-512.121212	3932.106520	220.969697	-48606.637282
20		67		2.40		-511.104478	3941.645801	220.865672	-48560.779238
20		68		2.40		-510.411765	3915.830450	220.588235	-48438.581315
20		69		2.40		-509.391304	3929.890359	220.028986	-48192.725478
20		70		2.40		-507.714286	4067.804082	219.457143	-47941.980408
20		71		2.40		-506.478873	4117.348145	218.704225	-47612.833962
20		72		2.40		-505.777778	4095.061728	218.250000	-47414.812500
20		73		2.40		-504.657534	4129.321073	217.315068	-47008.523926
20		74		2.40		-503.351351	4198.065741	216.513514	-46661.588020
20		75		2.40		-502.453333	4201.767822	215.706667	-46313.659378
20		76		2.40		-501.789474	4179.534626	215.315789	-46145.573407
20		77		2.40		-501.662338	4126.483387	215.506494	-46227.542250
20		78		2.40		-501.333333	4081.914530	215.589744	-46263.347798
20		79		2.40		-501.265823	4030.600224	215.848101	-46374.554719
20		80		2.40		-500.700000	4005.510000	215.475000	-46214.000625
20		81		2.40		-500.691358	3956.065234	215.481481	-46216.787380
20		82		2.40		-500.195122	3927.766805	215.097561	-46051.863177
20		83		2.40		-499.903614	3887.412397	215.132530	-46066.872986
20		84		2.40		-499.666667	3845.793651	215.214286	-46101.974490
20		85		2.40		-499.905882	3805.355848	215.529412	-46237.397924
20		86		2.40		-500.325581	3776.080043	215.906977	-46399.915630
20		87		2.40		-500.597701	3739.045052	215.885057	-46390.472982
20		88		2.40		-500.363636	3701.322314	215.636364	-46283.404959
20		89		2.40		-500.314607	3659.945966	215.056180	-46034.104280
20		90		2.40		-500.666667	3630.311111	214.888889	-45962.345679
20		91		2.40		-500.527473	3592.161333	214.637363	-45854.560077
20		92		2.40		-500.608696	3553.716446	214.369565	-45739.940926
20		93		2.40		-500.989247	3528.827841	214.172043	-45655.491964
20		94		2.40		-501.106383	3492.563151	214.042553	-45600.172024
20		95		2.40		-500.800000	3464.623158	213.600000	-45411.360000
20		96		2.40		-500.083333	3477.326389	213.145833	-45218.000434
20		97		2.40		-499.216495	3513.612924	212.536082	-44959.050271
20		98		2.40		-498.489796	3528.984590	211.877551	-44680.219075
20		99		2.40		-498.060606	3511.390266	210.989899	-44305.747577
20		100		2.40		-497.640000	3493.790400	210.020000	-43898.380400
20		101		2.40		-496.910891	3512.358396	208.811881	-43393.589844
20		102		2.40		-496.352941	3509.365629	208.137255	-43112.979623
20		103		2.40		-495.611650	3531.344330	207.184466	-42718.218494
20		104		2.40		-495.000000	3535.923077	206.115385	-42277.436391
20		105		2.40		-494.361905	3544.592834	205.085714	-41855.064490
20		106		2.40		-493.811321	3542.983268	203.641509	-41266.222855
20		107		2.40		-493.981308	3512.934230	202.485981	-40798.086645
20		108		2.40		-494.074074	3481.327846	201.240741	-40296.594993
20		109		2.40		-494.128440	3449.708274	199.981651	-39792.679236
20		110		2.40		-494.181818	3418.657851	198.927273	-39373.132562
20		111		2.40		-494.198198	3387.888645	197.945946	-38984.651570
20		112		2.40		-494.285714	3358.489796	197.214286	-38696.260204
20		113		2.40		-494.371681	3329.596366	196.530973	-38427.892552
20		114		2.40		-494.842105	3325.396122	195.719298	-38110.324408
20		115		2.40		-495.026087	3300.338450	194.800000	-37752.240000
20		116		2.40		-495.068966	3272.098692	193.413793	-37215.481570
20		117		2.40		-494.905983	3247.213383	192.136752	-36724.394770
20		118		2.40		-494.610169	3229.932778	190.949153	-36270.629704
20		119		2.40		-494.016807	3244.335852	189.983193	-35903.630535
20		120		2.40		-493.833333	3221.305556	189.150000	-35588.572500
20		121		2.40		-493.553719	3204.065296	188.280992	-35261.450857
20		122		2.40		-493.311475	3184.902983	187.393443	-34928.908895
20		123		2.40		-493.008130	3170.235706	186.325203	-34530.756164
20		124		2.40		-492.806452	3149.672216	185.580645	-34254.595213
20		125		2.40		-492.576000	3131.060224	185.040000	-34054.761600
20		126		2.40		-492.031746	3143.237087	184.634921	-33905.418997
20		127		2.40		-491.433071	3163.647095	184.267717	-33770.323641
20		128		2.40		-490.843750	3183.038086	183.765625	-33586.039307
20		129		2.40		-490.046512	3239.718767	183.193798	-33376.773992
20		130		2.40		-489.569231	3244.183669	182.630769	-33171.367101
20		131		2.40		-489.435115	3221.757240	181.816794	-32875.529748
20		132		2.40		-489.151515	3207.886134	181.030303	-32590.940312
20		133		2.40		-488.661654	3215.441913	180.180451	-32284.814517
20		134		2.40		-488.000000	3249.671642	179.164179	-31920.638895
20		135		2.40		-488.000000	3225.600000	178.059259	-31527.040549
20		136		2.40		-487.852941	3204.801903	177.014706	-31157.191393
20		137		2.40		-487.503650	3198.001811	175.985401	-30794.876126
20		138		2.40		-487.275362	3181.967654	174.710145	-30348.924596
20		139		2.40		-487.165468	3160.742405	173.712230	-29822.534134
20		140		2.40		-486.971429	3143.399184	172.828571	-29273.731429
20		141		2.40		-486.893617	3121.953222	171.858156	-28771.562396
20		142		2.40		-486.535211	3118.079746	171.014085	-28242.599087
20		143		2.40		-486.209790	3111.312631	170.125874	-27744.572351
20		144		2.40		-486.138889	3090.425154	169.472222	-27184.012346
20		145		2.40		-486.262069	3071.296837	168.827586	-26636.765755
20		146		2.40		-486.246575	3050.295365	168.109589	-26129.177707
20		147		2.40		-486.040816	3035.726225	167.414966	-25628.878245
20		148		2.40		-485.702703	3032.019722	166.608108	-25178.892440
20		149		2.40		-485.476510	3019.242737	166.013423	-24675.131390
20		150		2.40		-485.200000	3010.506667	165.493333	-24162.187378
20		151		2.40		-484.317881	3107.289680	165.112583	-23620.289110
20		152		2.40		-483.631579	3157.969529	164.815789	-23067.361496
20		153		2.40		-483.006536	3196.712376	164.405229	-22563.620573
20		154		2.40		-482.779221	3183.860347	164.298701	-21982.552538
20		155		2.40		-482.658065	3165.579854	164.270968	-21393.546472
20		156		2.40		-482.641026	3145.332676	164.294872	-20804.972880
20		157		2.40		-482.598726	3125.577833	164.216561	-20261.108767
20		158		2.40		-482.531646	3106.502163	164.303797	-19684.582599
20		159		2.40		-482.742138	3093.964954	164.540881	-19081.349867
20		160		2.40		-482.900000	3078.590000	164.687500	-18518.785156
20		161		2.40		-482.832298	3060.201690	164.732919	-17998.270206
20		162		2.40		-482.814815	3041.360768	164.962963	-17442.033531
20		163		2.40		-482.871166	3023.216531	165.312883	-16868.940419
20		164		2.40		-482.926829	3005.287329	165.536585	-16343.579417
20		165		2.40		-483.030303	2988.829385	165.975758	-15777.295354
20		166		2.40		-483.012048	2970.879373	166.349398	-15242.535637
20		167		2.40		-483.041916	2953.237764	166.838323	-14693.793610
20		168		2.40		-483.000000	2935.952381	167.440476	-14132.733135
20		169		2.40		-483.408284	2946.584783	168.035503	-13588.894717
20		170		2.40		-484.188235	3032.058685	168.729412	-13037.336194
20		171		2.40		-484.771930	3072.246230	169.426901	-12500.642659
20		172		2.40		-485.186047	3083.709573	170.174419	-11968.228096
20		173		2.40		-485.387283	3072.850012	170.786127	-11480.731665
20		174		2.40		-485.908046	3102.106487	171.528736	-10979.345752
20		175		2.40		-486.285714	3109.198367	172.137143	-10520.604604
20		176		2.40		-486.886364	3154.668905	172.897727	-10044.176782
20		177		2.40		-487.322034	3170.252226	173.559322	-9601.728750
20		178		2.40		-487.887640	3209.066027	174.303371	-9156.388335
20		179		2.40		-488.312849	3223.321120	175.072626	-8719.840891
20		180		2.40		-488.555556	3215.958025	175.777778	-8308.679012
20		181		2.40		-489.104972	3252.524892	176.519337	-7903.603370
20		182		2.40		-489.406593	3251.120396	177.153846	-7530.142495
20		183		2.40		-489.573770	3238.441279	177.661202	-7190.168951
20		184		2.40		-489.630435	3221.428639	178.065217	-6877.934783
20		185		2.40		-489.643243	3204.045698	178.529730	-6564.987115
20		186		2.40		-489.655914	3186.849347	178.978495	-6264.104521
20		187		2.40		-489.839572	3176.081215	179.411765	-5974.864880
20		188		2.40		-489.851064	3159.211861	179.702128	-5716.577184
20		189		2.40		-489.904762	3143.038549	180.000000	-5464.858767
20		190		2.40		-489.789474	3129.008310	180.210526	-5233.650970
20		191		2.40		-489.759162	3112.800636	180.471204	-5002.021052
20		192		2.40		-489.645833	3099.041233	180.656250	-4788.125109
20		193		2.40		-489.678756	3083.192139	180.911917	-4570.797283
20		194		2.40		-489.917526	3078.302476	181.371134	-4332.529280
20		195		2.40		-490.256410	3084.795792	181.764103	-4110.837502
20		196		2.40		-490.591837	3090.996668	182.193878	-3891.632132
20		197		2.40		-491.025381	3112.146564	182.670051	-3673.929089
20		198		2.40		-491.636364	3169.968779	183.262626	-3449.539027
20		199		2.40		-492.160804	3208.496755	183.798995	-3239.921012
20		200		2.40		-492.500000	3215.350000	184.310000	-3040.794100
20		201		2.40		-492.776119	3214.601619	184.865672	-2843.966387
20		202		2.40		-492.970297	3206.266444	185.326733	-2664.753063
20		203		2.40		-493.241379	3205.316120	185.832512	-2487.515931
20		204		2.40		-493.588235	3214.026528	186.470588	-2303.735102
20		205		2.40		-494.243902	3286.047829	187.219512	-2116.780488
20		206		2.40		-494.737864	3320.115751	187.912621	-1943.299086
20		207		2.40		-494.956522	3313.925646	188.502415	-1786.806227
20		208		2.40		-495.365385	3332.597263	189.067308	-1639.317400
20		209		2.40		-495.521531	3321.723221	189.511962	-1508.401181
20		210		2.40		-495.657143	3309.749116	190.028571	-1377.377234
20		211		2.40		-496.151659	3345.417758	190.672986	-1242.541542
20		212		2.40		-496.641509	3380.267711	191.339623	-1112.824137
20		213		2.40		-496.957746	3385.599154	191.943662	-994.260486
20		214		2.40		-497.214953	3383.869683	192.532710	-882.939471
20		215		2.40		-497.339535	3371.452158	193.106977	-778.592407
20		216		2.40		-497.611111	3371.700617	193.712963	-678.176698
20		217		2.40		-498.101382	3408.081887	194.387097	-579.837117
20		218		2.40		-498.715596	3474.313610	195.064220	-487.631176
20		219		2.40		-499.159817	3501.467609	195.689498	-404.224933
20		220		2.40		-499.618182	3531.563306	196.272727	-328.553719
20		221		2.40		-500.144796	3576.594419	196.850679	-258.517885
20		222		2.40		-500.774775	3648.192517	197.504505	-190.691989
20		223		2.40		-501.130045	3659.853043	198.098655	-130.762493
20		224		2.40		-501.500000	3674.035714	198.696429	-75.915816
20		225		2.40		-501.866667	3687.822222	199.235556	-28.036820
20		226		2.40		-502.106195	3684.413501	199.707965	13.252565
20		227		2.40		-502.255507	3673.221060	200.158590	49.745114
20		228		2.40		-502.473684	3667.915974	200.552632	80.899738
20		229		2.40		-502.724891	3666.286760	200.934498	108.136191
20		230		2.40		-502.886957	3656.361134	201.304348	131.618147
20		231		2.40		-503.290043	3677.902888	201.688312	151.897266
20		232		2.40		-503.620690	3687.304400	202.051724	168.491677
20		233		2.40		-503.896996	3689.191107	202.351931	181.184034
20		234		2.40		-503.846154	3674.027613	202.641026	190.894295
20		235		2.40		-503.965957	3661.752033	202.944681	197.896532
20		236		2.40		-504.355932	3681.975007	203.381356	202.496481
20		237		2.40		-504.742616	3701.727002	203.822785	203.691111
20		238		2.40		-505.126050	3721.017725	204.218487	201.615281
20		239		2.40		-505.606695	3760.431085	204.669456	196.188932
20		240		2.40		-505.933333	3770.262222	205.066667	187.844167
20		241		2.40		-506.107884	3761.930270	205.302905	178.055371
20		242		2.40		-506.214876	3749.143911	205.438017	167.223140
20		243		2.40		-506.271605	3734.494132	205.646091	153.663771
20		244		2.40		-506.295082	3719.322763	205.836066	138.380812
20		245		2.40		-506.367347	3705.416077	206.097959	119.949254
20		246		2.40		-506.504065	3694.932910	206.439024	97.805010
20		247		2.40		-506.607287	3682.594765	206.680162	75.406088
20		248		2.40		-506.806452	3677.543184	206.903226	51.458637
20		249		2.40		-506.923695	3666.182933	207.140562	25.269883
20		250		2.40		-507.120000	3661.113600	207.400000	-3.430400
20		251		2.40		-507.298805	3654.520277	207.649402	-33.775337
20		252		2.40		-507.365079	3641.120685	207.841270	-64.146888
20		253		2.40		-507.399209	3627.022450	208.039526	-96.345733
20		254		2.40		-507.527559	3616.910658	208.330709	-133.482423
20		255		2.40		-507.874510	3633.301899	208.666667	-174.264514
20		256		2.40		-508.031250	3625.374023	208.898438	-212.954651
20		257		2.40		-508.077821	3611.822738	209.035019	-249.291435
20		258		2.40		-508.186047	3600.833604	209.116279	-284.481221
20		259		2.40		-508.339768	3593.027415	209.281853	-324.524381
20		260		2.40		-508.353846	3579.259408	209.423077	-364.732249
20		261		2.40		-508.490421	3570.395502	209.593870	-407.576401
20		262		2.40		-508.458015	3557.042130	209.656489	-446.250801
20		263		2.40		-508.623574	3550.698608	209.832700	-491.712154
20		264		2.40		-508.772727	3543.099862	209.924242	-533.877410
20		265		2.40		-508.875472	3532.516568	209.916981	-571.549220
20		266		2.40		-508.857143	3519.325456	209.819549	-604.789304
20		267		2.40		-509.063670	3517.490328	209.745318	-639.747927
20		268		2.40		-509.059701	3504.369570	209.507463	-665.592560
20		269		2.40		-508.907063	3497.586158	209.189591	-686.800017
20		270		2.40		-508.888889	3484.720988	208.940741	-712.069355
20		271		2.40		-508.723247	3479.270271	208.634686	-733.923285
20		272		2.40		-508.602941	3470.401168	208.279412	-752.720588
20		273		2.40		-508.483516	3461.568410	207.941392	-772.459579
20		274		2.40		-508.467153	3449.008045	207.627737	-793.609676
20		275		2.40		-508.450909	3436.538499	207.280000	-812.535193
20		276		2.40		-508.275362	3432.561857	206.913043	-830.113632
20		277		2.40		-508.317690	3420.664416	206.411552	-838.955076
20		278		2.40		-508.187050	3413.087314	205.884892	-845.927333
20		279		2.40		-508.057348	3405.530761	205.283154	-847.824026
20		280		2.40		-508.128571	3394.783469	204.621429	-845.601480
20		281		2.40		-508.227758	3385.457023	203.950178	-842.491736
20		282		2.40		-508.141844	3375.525980	203.361702	-844.377144
20		283		2.40		-508.197880	3364.483812	202.734982	-843.547478
20		284		2.40		-508.281690	3354.624876	202.140845	-844.518350
20		285		2.40		-508.252632	3343.094072	201.614035	-849.510619
20		286		2.40		-508.083916	3339.517434	201.153846	-858.507996
20		287		2.40		-507.958188	3332.402433	200.689895	-867.028348
20		288		2.40		-507.875000	3322.817708	200.208333	-874.174383
20		289		2.40		-507.501730	3351.447229	199.750865	-882.636367
20		290		2.40		-507.020690	3406.765089	199.310345	-891.966706
20		291		2.40		-506.556701	3457.490771	198.769759	-894.543782
20		292		2.40		-506.246575	3473.637831	198.246575	-897.998311
20		293		2.40		-505.802048	3519.482999	197.726962	-901.433144
20		294		2.40		-505.482993	3537.338146	197.204082	-904.403628
20		295		2.40		-505.301695	3535.010675	196.555932	-898.941867
20		296		2.40		-505.135135	3531.252009	195.939189	-889.050995
20		297		2.40		-504.835017	3546.023286	195.346801	-877.932569
20		298		2.40		-504.456376	3576.704473	194.765101	-876.149543
20		299		2.40		-504.160535	3590.823727	194.180602	-873.950448
20		300		2.40		-503.613333	3668.383822	193.640000	-874.342400
20		301		2.40		-503.202658	3706.792817	193.162791	-878.583835
20		302		2.40		-502.821192	3738.319021	192.675497	-881.948423
20		303		2.40		-502.415842	3775.602653	192.165017	-883.588385
20		304		2.40		-502.013158	3812.315616	191.611842	-882.243811
20		305		2.40		-501.783607	3815.835141	191.081967	-882.178597
20		306		2.40		-501.686275	3806.254517	190.653595	-888.447435
20		307		2.40		-501.602606	3795.998430	190.175896	-891.312672
20		308		2.40		-501.467532	3789.274920	189.681818	-892.899098
20		309		2.40		-501.346278	3781.540286	189.223301	-896.575172
20		310		2.40		-501.303226	3769.914506	188.703226	-896.042872
20		311		2.40		-501.054662	3776.945565	188.128617	-887.542643
20		312		2.40		-500.782051	3787.952498	187.544872	-882.499877
20		313		2.40		-500.587859	3787.616083	186.964856	-877.503945
20		314		2.40		-500.267516	3807.673658	186.515924	-880.733904
20		315		2.40		-500.050794	3810.333928	186.101587	-885.993107
20		316		2.40		-499.886076	3806.822464	185.708861	-892.457459
20		317		2.40		-499.444795	3856.347899	185.337539	-900.125904
20		318		2.40		-499.119497	3877.765595	184.761006	-894.299513
20		319		2.40		-498.833856	3891.555468	184.369906	-875.653050
20		320		2.40		-498.550000	3905.097500	183.981250	-857.290977
20		321		2.40		-498.417445	3898.554711	183.601246	-838.804359
20		322		2.40		-498.372671	3887.090930	183.186335	-823.003588
20		323		2.40		-498.352941	3875.181934	182.743034	-809.409445
20		324		2.40		-498.407407	3864.179698	182.314815	-795.212430
20		325		2.40		-498.424615	3852.385856	181.883077	-781.598523
20		326		2.40		-498.478528	3841.513343	181.417178	-770.475667
20		327		2.40		-498.397554	3831.903113	180.935780	-760.634384
20		328		2.40		-498.170732	3837.044021	180.420732	-753.179841
20		329		2.40		-497.957447	3840.302141	179.884498	-747.308746
20		330		2.40		-497.854545	3832.148540	179.357576	-741.121249
20		331		2.40		-497.993958	3826.984858	178.845921	-737.908069
20		332		2.40		-498.012048	3815.566120	178.403614	-738.664501
20		333		2.40		-498.030030	3804.215314	177.873874	-733.331963
20		334		2.40		-498.023952	3792.837750	177.377246	-730.544301
20		335		2.40		-498.041791	3781.622134	176.955224	-732.022277
20		336		2.40		-498.190476	3777.773243	176.535714	-733.492063
20		337		2.40		-498.219585	3766.847925	176.207715	-740.246634
20		338		2.40		-498.355030	3761.885788	175.934911	-750.168832
20		339		2.40		-498.466077	3754.956814	175.693215	-761.858668
20		340		2.40		-498.647059	3755.016609	175.576471	-781.052042
20		341		2.40		-498.592375	3745.021525	175.331378	-792.407668
20		342		2.40		-498.526316	3735.559249	175.011696	-799.085257
20		343		2.40		-498.658892	3730.679564	174.746356	-808.981207
20		344		2.40		-498.662791	3719.839778	174.372093	-812.026095
20		345		2.40		-498.585507	3711.112254	173.988406	-814.339391
20		346		2.40		-498.439306	3707.760767	173.606936	-816.641184
20		347		2.40		-498.420749	3697.194728	173.342939	-826.091488
20		348		2.40		-498.229885	3699.211521	173.051724	-833.733882
20		349		2.40		-498.051576	3699.676423	172.699140	-837.411318
20		350		2.40		-497.828571	3706.462041	172.291429	-837.495380
20		351		2.40		-497.527066	3727.719353	172.005698	-845.077248
20		352		2.40		-497.215909	3751.112474	171.750000	-854.432980
20		353		2.40		-496.815864	3796.818785	171.450425	-860.906500
20		354		2.40		-496.587571	3804.490919	171.186441	-869.513869
20		355		2.40		-496.315493	3819.979337	170.867606	-874.516120
20		356		2.40		-496.044944	3835.233935	170.500000	-876.276954
20		357		2.40		-495.719888	3862.106411	170.134454	-878.028843
20		358		2.40		-495.508380	3867.289036	169.849162	-884.767392
20		359		2.40		-495.331476	3867.720207	169.448468	-883.996989
20		360		2.40		-495.111111	3874.409877	169.083333	-885.361883
20		361		2.40		-494.947368	3873.329640	168.775623	-890.267079
20		362		2.40		-494.784530	3872.202192	168.480663	-895.864900
20		363		2.40		-494.589532	3875.299835	168.242424	-904.996835
20		364		2.40		-494.362637	3883.341022	168.038462	-916.252355
20		365		2.40		-494.257534	3876.722717	167.873973	-930.004324
20		366		2.40		-494.131148	3871.960942	167.710383	-943.765057
20		367		2.40		-494.092643	3861.953270	167.596730	-960.777406
20		368		2.40		-494.054348	3851.997046	167.494565	-978.548706
20		369		2.40		-493.907859	3849.454925	167.311653	-990.900787
20		370		2.40		-493.762162	3846.883974	167.140541	-1003.978846
20		371		2.40		-493.660377	3840.348268	166.948787	-1015.595397
20		372		2.40		-493.709677	3830.926465	166.741935	-1026.106255
20		373		2.40		-493.737265	3820.939013	166.573727	-1039.172768
20		374		2.40		-493.668449	3812.489005	166.443850	-1054.815694
20		375		2.40		-493.557333	3806.940046	166.400000	-1076.397511
20		376		2.40		-493.382979	3808.215029	166.297872	-1093.952128
20		377		2.40		-493.273210	3802.644189	166.122016	-1106.304470
20		378		2.40		-493.195767	3794.845273	165.904762	-1115.659472
20		379		2.40		-493.171504	3785.055019	165.757256	-1129.862825
20		380		2.40		-493.105263	3776.757341	165.647368	-1146.698587
20		381		2.40		-493.165354	3768.216752	165.580052	-1166.574149
20		382		2.40		-493.120419	3759.121625	165.486911	-1184.594611
20		383		2.40		-493.065274	3750.468324	165.472585	-1208.361963
20		384		2.40		-492.916667	3749.159722	165.364583	-1225.303819
20		385		2.40		-492.789610	3745.620671	165.267532	-1243.028666
20		386		2.40		-492.642487	3744.250423	165.170984	-1260.771833
20		387		2.40		-492.630491	3734.630905	165.100775	-1280.470712
20		388		2.40		-492.608247	3725.197045	165.036082	-1300.590684
20		389		2.40		-492.462725	3723.837300	164.930591	-1317.616339
20		390		2.40		-492.369231	3717.689310	164.758974	-1329.559080
20		391		2.40		-492.184143	3721.541539	164.526854	-1336.787894
20		392		2.40		-492.010204	3723.877447	164.306122	-1344.778530
20		393		2.40		-491.918575	3717.693116	164.010178	-1346.884525
20		394		2.40		-491.959391	3708.912056	163.781726	-1354.052411
20		395		2.40		-492.040506	3702.114815	163.508861	-1357.688614
20		396		2.40		-492.060606	3692.925620	163.292929	-1365.596062
20		397		2.40		-491.989924	3685.601914	162.947103	-1363.362308
20		398		2.40		-492.030151	3676.984016	162.623116	-1362.691498
20		399		2.40		-491.979950	3668.771528	162.350877	-1365.890805
20		400		2.40		-492.050000	3661.557500	162.080000	-1369.076900
20		401		2.40		-491.960100	3655.659256	161.715711	-1364.930417
20		402		2.40		-491.850746	3651.360808	161.393035	-1363.878617
20		403		2.40		-491.702233	3651.166918	161.037221	-1360.156334
20		404		2.40		-491.554455	3650.930203	160.693069	-1357.219390
20		405		2.40		-491.348148	3659.110892	160.350617	-1354.300466
20		406		2.40		-491.211823	3657.625082	160.103448	-1358.592007
20		407		2.40		-491.174447	3649.205440	159.877150	-1364.382580
20		408		2.40		-491.156863	3640.387159	159.553922	-1362.593354
20		409		2.40		-491.012225	3640.021855	159.222494	-1360.061609
20		410		2.40		-490.848780	3642.069816	158.965854	-1363.175824
20		411		2.40		-490.647202	3649.868234	158.754258	-1369.656206
20		412		2.40		-490.446602	3657.548120	158.611650	-1381.379301
20		413		2.40		-490.372881	3650.931177	158.435835	-1390.453564
20		414		2.40		-490.202899	3654.045789	158.314010	-1403.653854
20		415		2.40		-490.130120	3647.433671	158.212048	-1418.356301
20		416		2.40		-490.096154	3639.144601	158.105769	-1432.676775
20		417		2.40		-490.196643	3634.618406	158.062350	-1451.929219
20		418		2.40		-490.153110	3626.713399	158.066986	-1475.020993
20		419		2.40		-490.252983	3622.227169	158.085919	-1499.317286
20		420		2.40		-490.342857	3616.987211	158.080952	-1521.747823
20		421		2.40		-490.413302	3610.480013	158.047506	-1541.898692
20		422		2.40		-490.436019	3602.141641	158.028436	-1563.238292
20		423		2.40		-490.373522	3595.274193	157.962175	-1580.710952
20		424		2.40		-490.339623	3587.280883	157.886792	-1597.406995
20		425		2.40		-490.230588	3583.880947	157.788235	-1612.146159
20		426		2.40		-490.187793	3576.246424	157.657277	-1624.133836
20		427		2.40		-490.210773	3568.096090	157.522248	-1635.712640
20		428		2.40		-490.093458	3565.636125	157.369159	-1645.704669
20		429		2.40		-489.939394	3567.483506	157.156177	-1650.580142
20		430		2.40		-489.944186	3559.196885	156.972093	-1657.787907
20		431		2.40		-489.874710	3553.014465	156.779582	-1664.192871
20		432		2.40		-489.805556	3546.851080	156.555556	-1667.841650
20		433		2.40		-489.727483	3541.292940	156.258661	-1665.237001
20		434		2.40		-489.465438	3562.866317	155.976959	-1663.812143
20		435		2.40		-489.471264	3554.690554	155.710345	-1663.557278
20		436		2.40		-489.431193	3547.236091	155.449541	-1663.690346
20		437		2.40		-489.409611	3539.321921	155.180778	-1663.051270
20		438		2.40		-489.351598	3532.711995	154.917808	-1662.800108
20		439		2.40		-489.312073	3525.349080	154.710706	-1667.159479
20		440		2.40		-489.272727	3518.016529	154.540909	-1674.576467
20		441		2.40		-489.315193	3510.832626	154.331066	-1678.518416
20		442		2.40		-489.375566	3504.496960	154.140271	-1683.979853
20		443		2.40		-489.300226	3499.094966	153.977427	-1691.723820
20		444		2.40		-489.198198	3495.825582	153.720721	-1691.407434
20		445		2.40		-489.231461	3488.461033	153.429213	-1688.041389
20		446		2.40		-489.255605	3480.898791	153.130045	-1683.934123
20		447		2.40		-489.297539	3473.895810	152.827740	-1679.471886
20		448		2.40		-489.267857	3466.535395	152.522321	-1674.658502
20		449		2.40		-489.113586	3469.477076	152.187082	-1667.243893
20		450		2.40		-489.057778	3463.165551	151.906667	-1664.368316
20		451		2.40		-488.957871	3459.978270	151.614191	-1660.388720
20		452		2.40		-488.840708	3458.514449	151.362832	-1659.779857
20		453		2.40		-488.697572	3460.140325	151.033113	-1652.497161
20		454		2.40		-488.511013	3468.285121	150.709251	-1644.138097
20		455		2.40		-488.421978	3464.261495	150.457143	-1629.826417
20		456		2.40		-488.368421	3457.969529	150.320175	-1605.951466
20		457		2.40		-488.236324	3458.359906	150.100656	-1589.355123
20		458		2.40		-488.113537	3457.698900	149.912664	-1570.344463
20		459		2.40		-488.017429	3454.396210	149.825708	-1543.165098
20		460		2.40		-487.878261	3455.776484	149.769565	-1513.806257
20		461		2.40		-487.809111	3450.479830	149.765727	-1480.571962
20		462		2.40		-487.844156	3443.577444	149.779221	-1446.413523
20		463		2.40		-487.766739	3438.908872	149.792657	-1412.761649
20		464		2.40		-487.672414	3435.616825	149.840517	-1376.880369
20		465		2.40		-487.630108	3429.058878	149.978495	-1334.507832
20		466		2.40		-487.613734	3421.825047	150.098712	-1294.227486
20		467		2.40		-487.537473	3417.207911	150.154176	-1259.550835
20		468		2.40		-487.470085	3412.026883	150.213675	-1225.118416
20		469		2.40		-487.479744	3404.795432	150.200426	-1196.642623
20		470		2.40		-487.404255	3400.223812	150.229787	-1165.452893
20		471		2.40		-487.363057	3393.802372	150.331210	-1129.515617
20		472		2.40		-487.381356	3386.769822	150.453390	-1092.706640
20		473		2.40		-487.298097	3382.881540	150.591966	-1055.391505
20		474		2.40		-487.257384	3376.528690	150.704641	-1020.552119
20		475		2.40		-487.258947	3369.421367	150.854737	-983.771302
20		476		2.40		-487.302521	3363.244615	151.012605	-947.157881
20		477		2.40		-487.362683	3357.916679	151.186583	-910.179661
20		478		2.40		-487.447699	3354.339315	151.380753	-872.619247
20		479		2.40		-487.448852	3347.337154	151.494781	-840.952515
20		480		2.40		-487.433333	3340.478889	151.666667	-806.235833
20		481		2.40		-487.426195	3333.558482	151.900208	-768.421125
20		482		2.40		-487.468880	3327.518741	152.174274	-729.004012
20		483		2.40		-487.445135	3320.901234	152.414079	-692.553322
20		484		2.40		-487.429752	3314.154156	152.553719	-662.761150
20		485		2.40		-487.348454	3310.519817	152.676289	-634.560034
20		486		2.40		-487.390947	3304.583786	152.855967	-603.733577
20		487		2.40		-487.400411	3297.841725	153.075975	-571.384911
20		488		2.40		-487.450820	3292.321352	153.315574	-538.762513
20		489		2.40		-487.599182	3296.330142	153.619632	-503.584445
20		490		2.40		-487.722449	3297.033170	153.918367	-469.653878
20		491		2.40		-487.885947	3303.416727	154.240326	-435.527329
20		492		2.40		-488.089431	3317.032653	154.565041	-402.279843
20		493		2.40		-488.243408	3321.969150	154.831643	-372.769688
20		494		2.40		-488.372470	3323.456408	155.101215	-343.978003
20		495		2.40		-488.476768	3322.116127	155.353535	-316.808636
20		496		2.40		-488.580645	3320.759625	155.596774	-290.839230
20		497		2.40		-488.724346	3324.320393	155.895372	-263.324073
20		498		2.40		-488.811245	3321.398106	156.164659	-237.913647
20		499		2.40		-488.961924	3326.048650	156.452906	-212.587363
20		500		2.40		-489.120000	3331.865600	156.720000	-188.942464
20		501		2.40		-489.317365	3344.691694	157.053892	-163.649149
20		502		2.40		-489.513944	3357.389248	157.390438	-139.244996
20		503		2.40		-489.717694	3371.554498	157.717694	-116.142034
20		504		2.40		-489.976190	3398.475624	158.075397	-92.996173
20		505		2.40		-490.170297	3410.735355	158.396040	-72.042372
20		506		2.40		-490.371542	3424.446937	158.711462	-52.169445
20		507		2.40		-490.453649	3421.103867	158.923077	-36.194290
20		508		2.40		-490.527559	3417.139004	159.185039	-19.468705
20		509		2.40		-490.546169	3410.601503	159.414538	-4.365114
20		510		2.40		-490.549020	3403.918185	159.650980	10.236309
20		511		2.40		-490.598826	3398.522034	159.890411	24.220342
20		512		2.40		-490.789062	3410.377380	160.179688	38.663513
20		513		2.40		-490.947368	3416.560583	160.467836	52.275397
20		514		2.40		-491.019455	3412.579388	160.692607	63.781223
20		515		2.40		-491.021359	3405.954884	160.904854	74.396795
20		516		2.40		-491.054264	3399.911784	161.147287	84.957394
20		517		2.40		-491.133462	3396.572130	161.408124	95.160489
20		518		2.40		-491.204633	3392.633801	161.660232	104.508967
20		519		2.40		-491.260116	3387.691492	161.884393	112.749425
20		520		2.40		-491.215385	3382.215148	162.080769	119.980636
20		521		2.40		-491.224568	3375.767228	162.284069	126.743248
20		522		2.40		-491.157088	3371.672641	162.432950	132.288222
20		523		2.40		-491.242830	3369.063405	162.585086	137.412706
20		524		2.40		-491.290076	3363.801352	162.748092	142.187751
20		525		2.40		-491.276190	3357.495147	162.918095	146.550291
20		526		2.40		-491.346008	3353.671153	163.083650	150.390551
20		527		2.40		-491.445920	3352.558271	163.199241	153.396520
20		528		2.40		-491.492424	3347.348427	163.333333	156.141185
20		529		2.40		-491.531191	3341.814245	163.493384	158.618387
20		530		2.40		-491.645283	3342.394931	163.679245	160.757081
20		531		2.40		-491.743879	3341.252670	163.856874	162.367647
20		532		2.40		-491.736842	3334.998417	164.048872	163.533283
20		533		2.40		-491.722326	3328.853479	164.240150	164.192785
20		534		2.40		-491.752809	3323.114927	164.453184	164.361150
20		535		2.40		-491.820561	3319.354717	164.695327	163.968850
20		536		2.40		-492.022388	3334.954723	164.973881	162.910155
20		537		2.40		-492.201117	3345.866442	165.251397	161.176562
20		538		2.40		-492.327138	3348.175509	165.486989	158.945565
20		539		2.40		-492.415584	3346.172373	165.695733	156.279147
20		540		2.40		-492.533333	3347.448889	165.911111	153.057558
20		541		2.40		-492.584104	3342.653278	166.118299	149.370386
20		542		2.40		-492.723247	3346.960308	166.376384	144.759031
20		543		2.40		-492.876611	3353.544628	166.651934	139.373917
20		544		2.40		-492.919118	3348.361105	166.882353	133.819853
20		545		2.40		-493.005505	3346.277034	167.133945	127.478616
20		546		2.40		-493.098901	3344.902306	167.362637	120.843242
20		547		2.40		-493.162706	3341.010090	167.575868	113.887430
20		548		2.40		-493.299270	3345.114817	167.766423	106.766903
20		549		2.40		-493.267760	3339.565828	167.850638	100.843441
20		550		2.40		-493.272727	3333.507438	167.970909	94.073441
20		551		2.40		-493.234120	3328.277311	168.105263	86.745518
20		552		2.40		-493.181159	3323.793268	168.246377	78.957572
20		553		2.40		-493.186257	3317.797135	168.397830	70.627575
20		554		2.40		-493.256318	3314.522749	168.552347	61.874024
20		555		2.40		-493.297297	3309.480984	168.702703	52.839782
20		556		2.40		-493.302158	3303.541794	168.827338	43.998965
20		557		2.40		-493.335727	3298.237377	168.937163	35.175688
20		558		2.40		-493.333333	3292.329749	169.043011	26.159119
20		559		2.40		-493.316637	3286.595627	169.173524	16.281848
20		560		2.40		-493.307143	3280.777092	169.321429	5.664235
20		561		2.40		-493.368984	3277.070624	169.493761	-5.915252
20		562		2.40		-493.444840	3274.467598	169.661922	-17.764897
20		563		2.40		-493.435169	3268.704056	169.772647	-28.421738
20		564		2.40		-493.489362	3264.561944	169.886525	-39.438962
20		565		2.40		-493.600000	3265.687788	170.000000	-50.719668
20		566		2.40		-493.703180	3265.933099	170.141343	-63.095232
20		567		2.40		-493.798942	3265.363456	170.317460	-76.843083
20		568		2.40		-493.894366	3264.777574	170.542254	-92.491321
20		569		2.40		-493.982425	3263.444331	170.734622	-107.551101
20		570		2.40		-494.028070	3258.904475	170.884211	-121.585793
20		571		2.40		-494.087566	3255.214749	171.057793	-136.757248
20		572		2.40		-494.209790	3258.053890	171.241259	-152.632879
20		573		2.40		-494.331588	3260.853400	171.406632	-168.233181
20		574		2.40		-494.459930	3264.610764	171.620209	-185.945489
20		575		2.40		-494.532174	3261.928965	171.794783	-202.610891
20		576		2.40		-494.631944	3261.989535	171.965278	-219.469956
20		577		2.40		-494.551127	3260.098339	172.090121	-234.872324
20		578		2.40		-494.546713	3254.469271	172.249135	-251.911304
20		579		2.40		-494.590674	3249.965440	172.452504	-271.090010
20		580		2.40		-494.648276	3246.283187	172.672414	-291.358609
20		581		2.40		-494.685026	3241.479105	172.877797	-311.425176
20		582		2.40		-494.804124	3244.150636	173.099656	-332.609251
20		583		2.40		-494.943396	3249.875012	173.341338	-355.106491
20		584		2.40		-495.136986	3266.159317	173.606164	-379.126818
20		585		2.40		-495.459829	3321.444967	173.917949	-405.862593
20		586		2.40		-495.672355	3342.199816	174.180887	-430.844786
20		587		2.40		-495.897785	3366.285975	174.456559	-456.948182
20		588		2.40		-495.986395	3365.169883	174.683673	-481.129194
20		589		2.40		-496.054329	3362.170223	174.876061	-503.952018
20		590		2.40		-496.108475	3358.198403	175.071186	-527.268647
20		591		2.40		-496.236887	3362.245069	175.248731	-550.009889
20		592		2.40		-496.364865	3366.245252	175.456081	-574.674591
20		593		2.40		-496.485666	3369.207636	175.662732	-599.673311
20		594		2.40		-496.585859	3369.488420	175.868687	-625.002256
20		595		2.40		-496.712605	3373.367824	176.070588	-650.467752
20		596		2.40		-496.818792	3374.416828	176.271812	-676.250608
20		597		2.40		-496.944724	3378.216375	176.485762	-703.128490
20		598		2.40		-497.096990	3386.408653	176.685619	-729.545866
20		599		2.40		-497.155259	3382.785578	176.888147	-756.470456
20		600		2.40		-497.246667	3382.152489	177.083333	-783.296767
20		601		2.40		-497.337770	3381.504880	177.271215	-810.005831
20		602		2.40		-497.415282	3379.498637	177.448505	-836.370945
20		603		2.40		-497.406302	3373.942713	177.585406	-860.472464
20		604		2.40		-497.311258	3373.803781	177.668874	-881.380992
20		605		2.40		-497.302479	3368.273796	177.801653	-905.641817
20		606		2.40		-497.353135	3364.268035	177.937294	-930.315372
20		607		2.40		-497.370675	3358.912023	178.006590	-950.820564
20		608		2.40		-497.361842	3353.434860	178.036184	-968.810953
20		609		2.40		-497.412151	3349.467242	178.098522	-989.094286
20		610		2.40		-497.442623	3344.541790	178.190164	-1011.494329
20		611		2.40		-497.505728	3341.497103	178.235679	-1030.891362
20		612		2.40		-497.496732	3336.086591	178.323529	-1053.319439
20		613		2.40		-497.559543	3333.058853	178.450245	-1078.616613
20		614		2.40		-497.570033	3327.697864	178.566775	-1103.399760
20		615		2.40		-497.560976	3322.337339	178.673171	-1127.649743
20		616		2.40		-497.584416	3317.281835	178.762987	-1150.881146
20		617		2.40		-497.575365	3311.955827	178.891410	-1177.066866
20		618		2.40		-497.644013	3309.504341	179.064725	-1206.750348
20		619		2.40		-497.738288	3309.650408	179.263328	-1238.581557
20		620		2.40		-497.929032	3326.833673	179.483871	-1272.371946
20		621		2.40		-498.106280	3340.954888	179.687601	-1305.229460
20		622		2.40		-498.270096	3352.248591	179.871383	-1336.867940
20		623		2.40		-498.343499	3350.219087	180.051364	-1368.491146
20		624		2.40		-498.397436	3346.662558	180.224359	-1399.838141
20		625		2.40		-498.406400	3341.358039	180.412800	-1432.669834
20		626		2.40		-498.447284	3337.065112	180.584665	-1464.456369
20		627		2.40		-498.526316	3335.652816	180.749601	-1495.937379
20		628		2.40		-498.643312	3338.923729	180.914013	-1527.618189
20		629		2.40		-498.766296	3343.113904	181.071542	-1558.972194
20		630		2.40		-498.863492	3343.749620	181.273016	-1594.212285
20		631		2.40		-498.903328	3339.450242	181.448494	-1627.564051
20		632		2.40		-498.936709	3334.869412	181.598101	-1658.974814
20		633		2.40		-498.951027	3329.730619	181.744076	-1690.287709
20		634		2.40		-499.059937	3331.986944	181.899054	-1722.583586
20		635		2.40		-499.118110	3328.885263	182.044094	-1754.233081
20		636		2.40		-499.207547	3328.730509	182.194969	-1786.596812
20		637		2.40		-499.284144	3327.236373	182.351648	-1819.684002
20		638		2.40		-499.310345	3322.458545	182.467085	-1849.309736
20		639		2.40		-499.367762	3319.362404	182.610329	-1881.591669
20		640		2.40		-499.512500	3327.562344	182.803125	-1918.559775
20		641		2.40		-499.644306	3333.489706	182.992200	-1955.457045
20		642		2.40		-499.744548	3334.738483	183.149533	-1989.688163
20		643		2.40		-499.757387	3329.658091	183.256610	-2019.461704
20		644		2.40		-499.819876	3326.998611	183.416149	-2054.285174
20		645		2.40		-499.900775	3326.055271	183.596899	-2091.323348
20		646		2.40		-500.061920	3337.655609	183.777090	-2128.552406
20		647		2.40		-500.210201	3346.700792	183.962906	-2166.563299
20		648		2.40		-500.314815	3348.616941	184.166667	-2206.560395
20		649		2.40		-500.425270	3351.363059	184.351310	-2244.969001
20		650		2.40		-500.529231	3353.221453	184.544615	-2284.475039
20		651		2.40		-500.626728	3354.249301	184.721966	-2322.656742
20		652		2.40		-500.687117	3351.478791	184.852761	-2356.420490
20		653		2.40		-500.698315	3346.428129	184.958652	-2387.845590
20		654		2.40		-500.691131	3341.344967	185.051988	-2418.131957
20		655		2.40		-500.647328	3337.498523	185.160305	-2450.055302
20		656		2.40		-500.695122	3333.907049	185.280488	-2483.323914
20		657		2.40		-500.742770	3330.321961	185.336377	-2510.122433
20		658		2.40		-500.717325	3325.686052	185.361702	-2533.832836
20		659		2.40		-500.691958	3321.062925	185.380880	-2556.945171
20		660		2.40		-500.545455	3330.175207	185.363636	-2576.298108
20		661		2.40		-500.357035	3348.568441	185.322239	-2593.131907
20		662		2.40		-500.223565	3355.285366	185.277946	-2609.649090
20		663		2.40		-500.156863	3353.169964	185.288084	-2631.871679
20		664		2.40		-500.138554	3348.342249	185.289157	-2653.161126
20		665		2.40		-500.060150	3347.388863	185.251128	-2670.325323
20		666		2.40		-499.993994	3345.273237	185.216216	-2687.808169
20		667		2.40		-499.964018	3340.856277	185.190405	-2706.249833
20		668		2.40		-499.916168	3337.382194	185.173653	-2725.654989
20		669		2.40		-499.958146	3333.570745	185.142003	-2743.463519
20		670		2.40		-499.916418	3329.760178	185.125373	-2762.878378
20		671		2.40		-499.976155	3327.188701	185.117735	-2783.264452
20		672		2.40		-499.958333	3322.450645	185.065476	-2798.825149
20		673		2.40		-499.976226	3317.729004	184.995542	-2812.444931
20		674		2.40		-500.000000	3313.186944	184.961424	-2829.928343
20		675		2.40		-500.011852	3308.373193	184.936296	-2848.380523
20		676		2.40		-500.005917	3303.502924	184.920118	-2867.805845
20		677		2.40		-500.017725	3298.717559	184.912851	-2888.209077
20		678		2.40		-500.000000	3294.064897	184.896755	-2907.644243
20		679		2.40		-499.946981	3291.119428	184.863034	-2925.129257
20		680		2.40		-499.894118	3288.177024	184.844118	-2944.242050
20		681		2.40		-499.864905	3283.928886	184.810573	-2961.723957
20		682		2.40		-499.870968	3279.138776	184.800587	-2981.819248
20		683		2.40		-499.859444	3274.428267	184.819912	-3005.196950
20		684		2.40		-499.836257	3270.008276	184.812865	-3025.635512
20		685		2.40		-499.830657	3265.255994	184.811679	-3046.737365
20		686		2.40		-499.795918	3261.322782	184.804665	-3067.187277
20		687		2.40		-499.796215	3256.575648	184.820961	-3090.283667
20		688		2.40		-499.790698	3251.863169	184.851744	-3115.049562
20		689		2.40		-499.709724	3251.654492	184.876633	-3139.173022
20		690		2.40		-499.739130	3247.537744	184.895652	-3162.649158
20		691		2.40		-499.733719	3242.858183	184.943560	-3189.472595
20		692		2.40		-499.780347	3239.674296	185.040462	-3222.009690
20		693		2.40		-499.849928	3238.349773	185.151515	-3256.287647
20		694		2.40		-499.902017	3235.563886	185.256484	-3289.964936
20		695		2.40		-499.879137	3231.271723	185.309353	-3317.627257
20		696		2.40		-499.873563	3226.650680	185.396552	-3349.384298
20		697		2.40		-499.868006	3222.042836	185.500717	-3383.233176
20		698		2.40		-499.839542	3217.991445	185.573066	-3413.395489
20		699		2.40		-499.811159	3213.950033	185.625179	-3441.205745
20		700		2.40		-499.822857	3209.454335	185.685714	-3470.071380
20		701		2.40		-499.834522	3204.971191	185.734665	-3497.595113
20		702		2.40		-499.806268	3200.965317	185.735043	-3519.293528
20		703		2.40		-499.806543	3196.412077	185.712660	-3538.238138
20		704		2.40		-499.795455	3191.958161	185.687500	-3556.832160
20		705		2.40		-499.756028	3188.524875	185.577305	-3565.073016
20		706		2.40		-499.637394	3193.930840	185.495751	-3576.745372
20		707		2.40		-499.479491	3207.016199	185.462518	-3594.265272
20		708		2.40		-499.435028	3203.884197	185.384181	-3606.252992
20		709		2.40		-499.407616	3199.897319	185.339915	-3622.368154
20		710		2.40		-499.346479	3198.040516	185.290141	-3637.780678
20		711		2.40		-499.296765	3195.297303	185.223629	-3651.106502
20		712		2.40		-499.303371	3190.840550	185.196629	-3669.259910
20		713		2.40		-499.315568	3186.471244	185.152875	-3685.327355
20		714		2.40		-499.260504	3184.170233	185.056022	-3694.803129
20		715		2.40		-499.155245	3187.627647	184.931469	-3700.803580
20		716		2.40		-499.162011	3183.208389	184.782123	-3703.680909
20		717		2.40		-499.107392	3180.904785	184.616457	-3704.480170
20		718		2.40		-499.036212	3180.107324	184.454039	-3705.621930
20		719		2.40		-498.937413	3182.692884	184.278164	-3705.039599
20		720		2.40		-498.811111	3189.742099	184.111111	-3705.490000
20		721		2.40		-498.723994	3190.782351	183.950069	-3706.625672
20		722		2.40		-498.698061	3186.847891	183.797784	-3708.786903
20		723		2.40		-498.677732	3182.738467	183.598893	-3705.122406
20		724		2.40		-498.668508	3178.403925	183.348066	-3694.294283
20		725		2.40		-498.598621	3177.556136	183.117241	-3681.091318
20		726		2.40		-498.490358	3181.676904	182.931129	-3662.435383
20		727		2.40		-498.338377	3194.069820	182.764787	-3641.475253
20		728		2.40		-498.170330	3210.212746	182.604396	-3619.947500
20		729		2.40		-498.090535	3210.444478	182.447188	-3598.200101
20		730		2.40		-498.060274	3206.714175	182.356164	-3568.451237
20		731		2.40		-497.986320	3206.319922	182.254446	-3540.247758
20		732		2.40		-497.945355	3203.166413	182.191257	-3507.541372
20		733		2.40		-497.849932	3205.461791	182.122783	-3475.734020
20		734		2.40		-497.765668	3206.299312	182.049046	-3444.812865
20		735		2.40		-497.752381	3202.066576	181.975510	-3414.107189
20		736		2.40		-497.684783	3201.074551	181.913043	-3382.306740
20		737		2.40		-497.677069	3196.774956	181.880597	-3347.156450
20		738		2.40		-497.609756	3195.782669	181.783198	-3320.033739
20		739		2.40		-497.493911	3201.362277	181.696888	-3291.802421
20		740		2.40		-497.383784	3205.998656	181.583784	-3266.962484
20		741		2.40		-497.273954	3210.598363	181.524966	-3235.910938
20		742		2.40		-497.261456	3206.387167	181.447439	-3207.298712
20		743		2.40		-497.195155	3205.333382	181.353970	-3180.772805
20		744		2.40		-497.112903	3206.051769	181.223118	-3158.808974
20		745		2.40		-497.063087	3203.594678	181.127517	-3132.922380
20		746		2.40		-497.077748	3199.460443	181.053619	-3104.725485
20		747		2.40		-497.103079	3195.656041	180.966533	-3078.266411
20		748		2.40		-497.122995	3191.680059	180.882353	-3051.678601
20		749		2.40		-497.100134	3187.809733	180.814419	-3023.440839
20		750		2.40		-497.077333	3183.948686	180.730667	-2997.222044
20		751		2.40		-497.059920	3179.936489	180.620506	-2974.198588
20		752		2.40		-497.037234	3176.094358	180.513298	-2951.020209
20		753		2.40		-497.014608	3172.261407	180.347942	-2934.566771
20		754		2.40		-497.013263	3168.055527	180.185676	-2917.903074
20		755		2.40		-497.011921	3163.860785	180.013245	-2902.515984
20		756		2.40		-496.936508	3163.969514	179.820106	-2889.574396
20		757		2.40		-496.834875	3167.598889	179.614267	-2878.168924
20		758		2.40		-496.765172	3167.097890	179.474934	-2859.472504
20		759		2.40		-496.669302	3169.891956	179.343874	-2840.006593
20		760		2.40		-496.547368	3177.005651	179.218421	-2820.073276
20		761		2.40		-496.452037	3179.737844	179.116951	-2797.653706
20		762		2.40		-496.388451	3178.641756	179.041995	-2772.498715
20		763		2.40		-496.288336	3182.113455	178.954128	-2748.947900
20		764		2.40		-496.256545	3178.719525	178.897906	-2722.137051
20		765		2.40		-496.240523	3174.760449	178.841830	-2695.519648
20		766		2.40		-496.114883	3182.691763	178.736292	-2674.441274
20		767		2.40		-496.031291	3183.894718	178.636245	-2652.935646
20		768		2.40		-495.947917	3185.080621	178.526042	-2632.682726
20		769		2.40		-495.802341	3197.214507	178.418726	-2612.278287
20		770		2.40		-495.688312	3203.061292	178.296104	-2593.658020
20		771		2.40		-495.579767	3207.979046	178.158236	-2576.798141
20		772		2.40		-495.533679	3205.461301	178.077720	-2554.015598
20		773		2.40		-495.467012	3204.745678	177.997413	-2531.386895
20		774		2.40		-495.467700	3200.605546	177.919897	-2508.640613
20		775		2.40		-495.447742	3196.784043	177.850323	-2485.242349
20		776		2.40		-495.448454	3192.664869	177.757732	-2464.414231
20		777		2.40		-495.428571	3188.862659	177.665380	-2443.721905
20		778		2.40		-495.403599	3185.248419	177.568123	-2423.694094
20		779		2.40		-495.337612	3184.547122	177.458280	-2405.112351
20		780		2.40		-495.200000	3195.216410	177.366667	-2384.810066
20		781		2.40		-495.083227	3201.761319	177.298335	-2362.293809
20		782		2.40		-494.987212	3204.866844	177.207161	-2342.267960
20		783		2.40		-494.922095	3204.089716	177.088123	-2325.211256
20		784		2.40		-494.857143	3203.306122	177.017857	-2303.377870
20		785		2.40		-494.817834	3200.436879	176.904459	-2286.036454
20		786		2.40		-494.773537	3197.905457	176.773537	-2270.580373
20		787		2.40		-494.653113	3205.240534	176.658196	-2253.693992
20		788		2.40		-494.543147	3210.689763	176.586294	-2232.628843
20		789		2.40		-494.453739	3212.919596	176.509506	-2212.209660
20		790		2.40		-494.394937	3211.580734	176.400000	-2195.166710
20		791		2.40		-494.321113	3211.826090	176.280657	-2179.220149
20		792		2.40		-494.232323	3214.006632	176.128788	-2166.577881
20		793		2.40		-494.148802	3215.478488	175.957125	-2155.970629
20		794		2.40		-494.105793	3212.895609	175.813602	-2142.718055
20		795		2.40		-494.052830	3211.081486	175.635220	-2132.955744
20		796		2.40		-493.969849	3212.521704	175.464824	-2122.508971
20		797		2.40		-493.947302	3208.895592	175.317440	-2109.930407
20		798		2.40		-493.939850	3204.918688	175.205514	-2094.039334
20		799		2.40		-493.967459	3201.515837	175.096370	-2078.003916
20		800		2.40		-494.025000	3200.159375	174.955000	-2065.173900
20		801		2.40		-494.042447	3196.407686	174.843945	-2049.556085
20		802		2.40		-494.014963	3193.027208	174.695761	-2037.587254
20		803		2.40		-493.972603	3190.489909	174.547945	-2025.681202
20		804		2.40		-493.905473	3190.140318	174.400498	-2013.837572
20		805		2.40		-493.823602	3191.566399	174.248447	-2002.524616
20		806		2.40		-493.786600	3188.708803	174.104218	-1990.569537
20		807		2.40		-493.799257	3184.886592	173.985130	-1976.353809
20		808		2.40		-493.831683	3181.793452	173.858911	-1962.914598
20		809		2.40		-493.819530	3177.979792	173.747837	-1948.169768
20		810		2.40		-493.851852	3174.901509	173.624691	-1934.658900
20		811		2.40		-493.844636	3171.028883	173.526510	-1918.943707
20		812		2.40		-493.842365	3167.127860	173.426108	-1903.553490
20		813		2.40		-493.800738	3164.639261	173.350554	-1886.000545
20		814		2.40		-493.788698	3160.869356	173.289926	-1867.218770
20		815		2.40		-493.761963	3157.572786	173.249080	-1846.784644
20		816		2.40		-493.705882	3156.266436	173.245098	-1823.179955
20		817		2.40		-493.698898	3152.442998	173.292534	-1795.155642
20		818		2.40		-493.731051	3149.433779	173.312958	-1769.793796
20		819		2.40		-493.665446	3149.109075	173.333333	-1744.657462
20		820		2.40		-493.609756	3147.808685	173.378049	-1717.598995
20		821		2.40		-493.578563	3144.772452	173.425091	-1690.584540
20		822		2.40		-493.513382	3144.434736	173.459854	-1664.884011
20		823		2.40		-493.472661	3141.977078	173.482382	-1640.470223
20		824		2.40		-493.388350	3144.014233	173.487864	-1617.732851
20		825		2.40		-493.304242	3146.032285	173.418182	-1601.595319
20		826		2.40		-493.268765	3143.261906	173.384988	-1582.488799
20		827		2.40		-493.180169	3145.944564	173.334946	-1564.960111
20		828		2.40		-493.101449	3147.269901	173.268116	-1548.981884
20		829		2.40		-493.008444	3150.635634	173.203860	-1532.914611
20		830		2.40		-492.886747	3159.117294	173.108434	-1519.569610
20		831		2.40		-492.760529	3168.538322	173.003610	-1507.108421
20		832		2.40		-492.677885	3170.405857	172.915865	-1493.332985
20		833		2.40		-492.571429	3176.028812	172.847539	-1478.067400
20		834		2.40		-492.474820	3179.995169	172.796163	-1461.534726
20		835		2.40		-492.450299	3176.688248	172.766467	-1443.369822
20		836		2.40		-492.526316	3177.713422	172.796651	-1420.511796
20		837		2.40		-492.573477	3175.776262	172.843489	-1396.527928
20		838		2.40		-492.625298	3174.234300	172.873508	-1374.112440
20		839		2.40		-492.686532	3173.593037	172.910608	-1351.345006
20		840		2.40		-492.752381	3173.452971	172.952381	-1328.425601
20		841		2.40		-492.756243	3169.692069	172.998811	-1305.362542
20		842		2.40		-492.755344	3165.928267	173.035629	-1283.265994
20		843		2.40		-492.749703	3162.199511	173.058126	-1262.479812
20		844		2.40		-492.758294	3158.515038	173.109005	-1239.724512
20		845		2.40		-492.776331	3155.051747	173.173964	-1216.130354
20		846		2.40		-492.803783	3151.959135	173.267139	-1190.664275
20		847		2.40		-492.850059	3150.049537	173.355372	-1165.841677
20		848		2.40		-492.882075	3147.203075	173.438679	-1141.649964
20		849		2.40		-492.885748	3143.507559	173.484099	-1120.481364
20		850		2.40		-492.870588	3140.004429	173.515294	-1100.554740
20		851		2.40		-492.841363	3137.040639	173.537015	-1081.503925
20		852		2.40		-492.751174	3140.280808	173.563380	-1062.305693
20		853		2.40		-492.717468	3137.567303	173.575615	-1044.295279
20		854		2.40		-492.683841	3134.857889	173.597190	-1025.800295
20		855		2.40		-492.640936	3132.763470	173.611696	-1007.978674
20		856		2.40		-492.621495	3129.426828	173.670561	-987.259919
20		857		2.40		-492.625438	3125.788524	173.733956	-966.451195
20		858		2.40		-492.610723	3122.330981	173.773893	-947.461185
20		859		2.40		-492.544820	3122.422613	173.841676	-926.791087
20		860		2.40		-492.548837	3118.805754	173.939535	-904.342780
20		861		2.40		-492.566783	3115.460406	174.037166	-882.175087
20		862		2.40		-492.524362	3113.395578	174.088167	-863.319707
20		863		2.40		-492.509849	3109.969486	174.108922	-846.630641
20		864		2.40		-492.439815	3110.602859	174.129630	-830.114733
20		865		2.40		-492.365318	3111.801803	174.173410	-812.294863
20		866		2.40		-492.332564	3109.136515	174.207852	-795.258751
20		867		2.40		-492.318339	3105.725650	174.253749	-777.685817
20		868		2.40		-492.294931	3102.622693	174.290323	-760.885536
20		869		2.40		-492.225547	3103.231062	174.317606	-744.839654
20		870		2.40		-492.220690	3099.684629	174.354023	-728.406712
20		871		2.40		-492.156142	3099.750591	174.358209	-714.106090
20		872		2.40		-492.137615	3096.494824	174.380734	-698.848876
20		873		2.40		-492.137457	3092.947887	174.405498	-683.621403
20		874		2.40		-492.173913	3090.569297	174.439359	-668.021229
20		875		2.40		-492.141714	3087.943346	174.464000	-653.133824
20		876		2.40		-492.118721	3084.880882	174.511416	-637.088030
20		877		2.40		-492.145952	3082.012906	174.586089	-619.663843
20		878		2.40		-492.200456	3081.107881	174.667426	-602.078362
20		879		2.40		-492.218430	3077.886304	174.746303	-584.854956
20		880		2.40		-492.213636	3074.408905	174.838636	-567.104675
20		881		2.40		-492.222474	3070.987963	174.935301	-549.352701
20		882		2.40		-492.253968	3068.379945	175.043084	-531.238764
20		883		2.40		-492.362401	3075.275234	175.164213	-512.665119
20		884		2.40		-492.420814	3074.809341	175.271493	-495.093241
20		885		2.40		-492.479096	3074.337699	175.374011	-478.020459
20		886		2.40		-492.537246	3073.860351	175.487585	-460.622301
20		887		2.40		-492.631342	3078.239514	175.605411	-443.265383
20		888		2.40		-492.630631	3074.773476	175.684685	-428.102041
20		889		2.40		-492.607424	3071.793016	175.743532	-414.161663
20		890		2.40		-492.521348	3074.928196	175.775281	-401.735821
20		891		2.40		-492.493827	3072.151196	175.809203	-389.360040
20		892		2.40		-492.417040	3073.960606	175.798206	-379.300750
20		893		2.40		-492.362822	3073.140477	175.836506	-367.006530
20		894		2.40		-492.299776	3073.252416	175.847875	-356.140674
20		895		2.40		-492.254749	3071.631193	175.856983	-345.512632
20		896		2.40		-492.232143	3068.660395	175.852679	-335.634008
20		897		2.40		-492.218506	3065.405990	175.763657	-329.759180
20		898		2.40		-492.124722	3069.881995	175.699332	-322.813200
20		899		2.40		-492.048943	3071.623856	175.597330	-317.647736
20		900		2.40		-492.044444	3068.229136	175.491111	-312.722464
20		901		2.40		-492.031077	3064.984606	175.387347	-307.734028
20		902		2.40		-492.022173	3061.658045	175.283814	-302.783261
20		903		2.40		-492.013289	3058.338694	175.129568	-300.139402
20		904		2.40		-491.946903	3058.935234	174.986726	-297.017738
20		905		2.40		-491.916022	3056.417257	174.826519	-294.697732
20		906		2.40		-491.889625	3053.674352	174.688742	-291.413622
20		907		2.40		-491.845645	3052.059967	174.551268	-288.149228
20		908		2.40		-491.788546	3051.655728	174.385463	-286.161264
20		909		2.40		-491.705171	3054.610545	174.242024	-283.219014
20		910		2.40		-491.665934	3052.653235	174.147253	-278.186180
20		911		2.40		-491.635565	3050.141611	174.061471	-272.813068
20		912		2.40		-491.605263	3047.633657	173.929825	-269.468163
20		913		2.40		-491.539978	3048.182684	173.811610	-265.579783
20		914		2.40		-491.501094	3046.228117	173.687090	-261.998602
20		915		2.40		-491.462295	3044.274808	173.600000	-256.860457
20		916		2.40		-491.423581	3042.322763	173.497817	-252.410843
20		917		2.40		-491.411123	3039.147226	173.419847	-246.986656
20		918		2.40		-491.342048	3040.211979	173.335512	-241.882799
20		919		2.40		-491.321001	3037.310451	173.273123	-235.919463
20		920		2.40		-491.260870	3037.331947	173.215217	-229.834050
20		921		2.40		-491.200869	3037.346188	173.140065	-224.518096
20		922		2.40		-491.171367	3034.853497	173.039046	-220.307725
20		923		2.40		-491.146262	3032.146538	172.968581	-214.903747
20		924		2.40		-491.151515	3028.890463	172.917749	-208.768670
20		925		2.40		-491.195676	3027.417927	172.856216	-203.126365
20		926		2.40		-491.161987	3025.198382	172.777538	-198.221646
20		927		2.40		-491.128371	3022.981363	172.718447	-192.598590
20		928		2.40		-491.155172	3020.389715	172.622845	-188.459056
20		929		2.40		-491.160388	3017.163727	172.512379	-184.937726
20		930		2.40		-491.174194	3014.096538	172.417204	-180.861094
20		931		2.40		-491.209452	3012.015206	172.341568	-176.076143
20		932		2.40		-491.253219	3010.566781	172.257511	-171.661902
20		933		2.40		-491.258307	3007.364146	172.165059	-167.610865
20		934		2.40		-491.216274	3005.792626	172.068522	-163.754761
20		935		2.40		-491.144385	3007.404821	171.970053	-160.010039
20		936		2.40		-491.094017	3006.563810	171.867521	-156.454489
20		937		2.40		-491.048026	3005.334940	171.767343	-152.847677
20		938		2.40		-491.027719	3002.517355	171.618337	-151.078073
20		939		2.40		-490.990415	3000.625041	171.484558	-148.769146
20		940		2.40		-490.923404	3001.649452	171.348936	-146.552377
20		941		2.40		-490.924548	2998.460832	171.247609	-143.107929
20		942		2.40		-490.866242	2998.476801	171.129512	-140.306805
20		943		2.40		-490.825027	2996.897274	171.064687	-135.612291
20		944		2.40		-490.775424	2996.042786	170.980932	-131.646370
20		945		2.40		-490.764021	2992.995108	170.916402	-127.038688
20		946		2.40		-490.718816	2991.762373	170.839323	-122.924333
20		947		2.40		-490.720169	2988.604905	170.804646	-117.370178
20		948		2.40		-490.675105	2987.375456	170.727848	-113.343975
20		949		2.40		-490.528978	3004.470446	170.678609	-108.412038
20		950		2.40		-490.484211	3003.209751	170.597895	-104.612742
20		951		2.40		-490.439537	3001.947711	170.540484	-100.063746
20		952		2.40		-490.394958	3000.684344	170.478992	-95.704346
20		953		2.40		-490.392445	2997.541685	170.405037	-91.810625
20		954		2.40		-490.314465	3000.194613	170.287212	-89.415811
20		955		2.40		-490.307853	2997.094755	170.150785	-87.661836
20		956		2.40		-490.326360	2994.286795	169.989540	-86.747392
20		957		2.40		-490.307210	2991.508548	169.820272	-86.112857
20		958		2.40		-490.267223	2989.916066	169.676409	-84.656169
20		959		2.40		-490.248175	2987.145917	169.520334	-83.618052
20		960		2.40		-490.208333	2985.556597	169.385417	-81.903129
20		961		2.40		-490.193548	2982.659729	169.271592	-79.520762
20		962		2.40		-490.182952	2979.667152	169.160083	-77.088438
20		963		2.40		-490.201454	2976.902303	169.040498	-74.941955
20		964		2.40		-490.186722	2974.023226	168.904564	-73.343348
20		965		2.40		-490.172021	2971.149683	168.756477	-72.152524
20		966		2.40		-490.115942	2971.108711	168.627329	-70.372748
20		967		2.40		-490.134436	2968.366622	168.477766	-69.262278
20		968		2.40		-490.148760	2965.498532	168.355372	-67.305187
20		969		2.40		-490.130031	2962.777726	168.220846	-65.752326
20		970		2.40		-490.061856	2964.227102	168.086598	-64.208711
20		971		2.40		-490.006179	2964.181218	167.946447	-62.868191
20		972		2.40		-489.938272	2965.609358	167.851852	-60.120866
20		973		2.40		-489.862282	2968.174250	167.782117	-56.632447
20		974		2.40		-489.815195	2967.284122	167.681725	-54.126391
20		975		2.40		-489.780513	2965.412338	167.577436	-51.766259
20		976		2.40		-489.799180	2962.713770	167.477459	-49.299890
20		977		2.40		-489.801433	2959.686262	167.361310	-47.349669
20		978		2.40		-489.815951	2956.865921	167.259714	-44.981687
20		979		2.40		-489.793667	2954.331278	167.164454	-42.449154
20		980		2.40		-489.795918	2951.321616	167.077551	-39.695110
20		981		2.40		-489.781855	2948.506949	166.990826	-36.966005
20		982		2.40		-489.767821	2945.697620	166.908350	-34.142102
20		983		2.40		-489.729400	2944.150580	166.809766	-31.819543
20		984		2.40		-489.662602	2945.544699	166.719512	-29.280488
20		985		2.40		-489.595939	2946.927090	166.590863	-27.877117
20		986		2.40		-489.533469	2947.782348	166.501014	-25.374867
20		987		2.40		-489.479230	2947.696377	166.433637	-22.259869
20		988		2.40		-489.417004	2948.534610	166.336032	-20.036208
20		989		2.40		-489.383215	2946.681255	166.256825	-17.319645
20		990		2.40		-489.353535	2944.576023	166.175758	-14.685987
20		991		2.40		-489.303734	2944.060117	166.080727	-12.469275
20		992		2.40		-489.278226	2941.737107	165.979839	-10.438541
20		993		2.40		-489.256798	2939.230128	165.907351	-7.652709
20		994		2.40		-489.207243	2938.711577	165.837022	-4.841168
20		995		2.40		-489.165829	2937.462953	165.778894	-1.734940
20		996		2.40		-489.132530	2935.616974	165.748996	2.083728
20		997		2.40		-489.079238	2935.501244	165.725176	6.008312
20		998		2.40		-489.010020	2937.336573	165.659319	8.782439
20		999		2.40		-488.984985	2935.021797	165.629630	12.454937
20		1000		2.40		-488.956000	2932.926064	165.618000	16.533900
