#size		cycles		temp		<E>		<C_v>		<|M|>		<chi>
#20		0		2.40		-inf	nan	inf	nan
20		1		2.40		-564.000000	-152320.000000	70.000000	-4830.000000
20		2		2.40		-470.000000	-67324.000000	70.000000	-4830.000000
20		3		2.40		-433.333333	-42193.777778	70.666667	-4923.111111
20		4		2.40		-420.000000	-31112.000000	73.000000	-5256.000000
20		5		2.40		-414.400000	-24764.160000	73.200000	-5285.040000
20		6		2.40		-409.333333	-20508.444444	69.000000	-4692.000000
20		7		2.40		-409.714286	-17577.795918	62.857143	-3888.163265
20		8		2.40		-410.500000	-15376.250000	56.750000	-3163.812500
20		9		2.40		-410.222222	-13667.160494	58.000000	-3306.000000
20		10		2.40		-408.800000	-12282.240000	58.200000	-3329.040000
20		11		2.40		-410.181818	-11146.578512	60.181818	-3561.669421
20		12		2.40		-412.333333	-10166.777778	61.500000	-3720.750000
20		13		2.40		-412.615385	-9383.763314	63.230769	-3934.899408
20		14		2.40		-413.142857	-8709.877551	65.142857	-4178.448980
20		15		2.40		-409.866667	-7978.951111	63.333333	-3947.777778
20		16		2.40		-407.500000	-7396.250000	64.000000	-4032.000000
20		17		2.40		-404.941176	-6856.415225	64.588235	-4107.051903
20		18		2.40		-405.333333	-6472.888889	63.666667	-3989.777778
20		19		2.40		-404.421053	-6117.229917	61.157895	-3679.130194
20		20		2.40		-403.600000	-5798.560000	59.100000	-3433.710000
20		21		2.40		-402.285714	-5487.891156	56.857143	-3175.877551
20		22		2.40		-401.636364	-5229.586777	54.545455	-2861.454545
20		23		2.40		-402.434783	-4988.189036	52.173913	-2615.773157
20		24		2.40		-403.000000	-4773.000000	50.666667	-2466.027778
20		25		2.40		-404.480000	-4529.510400	49.360000	-2339.894400
20		26		2.40		-404.461538	-4355.289941	48.076923	-2103.455621
20		27		2.40		-404.740741	-4191.956104	46.444444	-1935.454047
20		28		2.40		-405.142857	-4037.877551	46.000000	-1694.081633
20		29		2.40		-403.862069	-3852.708680	46.206897	-1434.715815
20		30		2.40		-402.800000	-3691.573333	45.866667	-1250.133333
20		31		2.40		-402.064516	-3556.262227	44.709677	-1191.606660
20		32		2.40		-401.625000	-3439.140625	43.375000	-1121.140625
20		33		2.40		-402.303030	-3320.213039	42.484848	-1024.626263
20		34		2.40		-403.647059	-3162.948097	41.470588	-978.768166
20		35		2.40		-406.742857	-2746.723265	40.457143	-911.706122
20		36		2.40		-408.666667	-2540.888889	40.055556	-817.132716
20		37		2.40		-410.918919	-2289.601169	39.135135	-763.132213
20		38		2.40		-412.421053	-2145.861496	39.315789	-655.977839
20		39		2.40		-414.153846	-1976.741617	39.282051	-571.694938
20		40		2.40		-414.800000	-1911.040000	40.000000	-461.760000
20		41		2.40		-414.634146	-1863.328971	40.390244	-379.359905
20		42		2.40		-413.809524	-1791.083900	40.571429	-315.020408
20		43		2.40		-414.139535	-1744.856679	41.441860	-234.272580
20		44		2.40		-413.727273	-1697.892562	42.681818	-154.592975
20		45		2.40		-414.488889	-1634.639012	44.222222	-82.215309
20		46		2.40		-415.304348	-1569.179584	44.913043	-42.468809
20		47		2.40		-417.702128	-1271.322770	45.872340	-6.459031
20		48		2.40		-419.833333	-1031.361111	47.416667	26.409722
20		49		2.40		-421.224490	-917.417743	49.061224	45.536027
20		50		2.40		-421.680000	-888.902400	50.320000	50.160000
20		51		2.40		-422.274510	-853.800846	51.568627	44.665129
20		52		2.40		-421.692308	-820.094675	52.923077	28.686391
20		53		2.40		-421.886792	-802.654325	54.301887	2.353151
20		54		2.40		-422.666667	-755.555556	55.962963	-38.919067
20		55		2.40		-424.363636	-586.314050	57.781818	-95.978182
20		56		2.40		-425.857143	-453.163265	60.178571	-183.404337
20		57		2.40		-427.087719	-360.411203	62.736842	-296.265928
20		58		2.40		-428.482759	-243.267539	65.137931	-423.424495
20		59		2.40		-428.474576	-239.140477	67.864407	-585.414536
20		60		2.40		-429.133333	-209.551111	70.466667	-762.817778
20		61		2.40		-430.295082	-125.136254	73.016393	-957.288363
20		62		2.40		-431.612903	-17.182102	75.645161	-1176.601457
20		63		2.40		-433.015873	105.126732	78.222222	-1411.982867
20		64		2.40		-434.125000	180.984375	80.375000	-1631.515625
20		65		2.40		-435.630769	323.309822	82.492308	-1861.639290
20		66		2.40		-437.030303	445.726354	84.545455	-2098.892562
20		67		2.40		-438.746269	633.413232	86.626866	-2351.079528
20		68		2.40		-440.117647	750.103806	88.941176	-2639.584775
20		69		2.40		-440.985507	790.449065	91.130435	-2929.088847
20		70		2.40		-441.542857	800.591020	93.000000	-3195.203265
20		71		2.40		-442.197183	819.285062	94.422535	-3418.226542
20		72		2.40		-443.277778	890.811728	96.277778	-3699.651235
20		73		2.40		-444.273973	950.061925	98.301370	-4011.738037
20		74		2.40		-445.675676	1080.651570	100.324324	-4334.515705
20		75		2.40		-446.720000	1146.948267	101.893333	-4605.896178
20		76		2.40		-447.473684	1174.459834	103.289474	-4859.542244
20		77		2.40		-447.636364	1161.218418	104.103896	-5035.110137
20		78		2.40		-448.564103	1212.604865	105.333333	-5272.444444
20		79		2.40		-449.215190	1230.320782	106.759494	-5542.951130
20		80		2.40		-449.700000	1233.510000	108.150000	-5813.152500
20		81		2.40		-449.876543	1220.774882	109.209877	-6036.575827
20		82		2.40		-450.000000	1207.121951	110.097561	-6235.384890
20		83		2.40		-450.120482	1193.768617	111.156627	-6463.513137
20		84		2.40		-450.619048	1200.188209	112.380952	-6721.396825
20		85		2.40		-451.435294	1242.034048	113.929412	-7037.260069
20		86		2.40		-452.186047	1275.500270	115.790698	-7412.798269
20		87		2.40		-453.425287	1392.911085	117.724138	-7809.414982
20		88		2.40		-454.500000	1477.568182	119.590909	-8202.824380
20		89		2.40		-455.955056	1647.278879	121.685393	-8646.848378
20		90		2.40		-457.111111	1747.920988	123.622222	-9071.056790
20		91		2.40		-458.197802	1834.993841	125.428571	-9478.571429
20		92		2.40		-458.782609	1846.170132	126.891304	-9825.339792
20		93		2.40		-459.182796	1841.052607	128.258065	-10157.627471
20		94		2.40		-459.702128	1846.549570	129.659574	-10501.266636
20		95		2.40		-460.463158	1881.553906	130.947368	-10825.632798
20		96		2.40		-461.083333	1898.493056	132.333333	-11174.444444
20		97		2.40		-461.525773	1897.713253	133.422680	-11463.868849
20		98		2.40		-462.000000	1900.163265	134.469388	-11746.530612
20		99		2.40		-462.222222	1885.809203	135.494949	-12026.807265
20		100		2.40		-463.240000	1969.502400	136.760000	-12362.480000
20		101		2.40		-463.801980	1981.584551	137.821782	-12655.803941
20		102		2.40		-463.882353	1962.809689	138.803922	-12933.307190
20		103		2.40		-464.621359	1999.458573	139.961165	-13253.044773
20		104		2.40		-465.115385	2005.371302	141.000000	-13548.000000
20		105		2.40		-465.409524	1995.270385	142.190476	-13880.880363
20		106		2.40		-466.150943	2034.165895	143.396226	-14220.400142
20		107		2.40		-467.177570	2126.875011	144.841121	-14620.815617
20		108		2.40		-468.518519	2299.582990	146.388889	-15051.021605
20		109		2.40		-469.211009	2330.276576	147.596330	-15401.807255
20		110		2.40		-469.781818	2344.606942	148.581818	-15699.939174
20		111		2.40		-470.486486	2378.105673	149.675676	-16027.414171
20		112		2.40		-471.000000	2386.142857	150.910714	-16393.479911
20		113		2.40		-471.327434	2377.034380	151.929204	-16706.680241
20		114		2.40		-471.403509	2356.837181	152.947368	-17021.844875
20		115		2.40		-471.478261	2336.979962	153.826087	-17302.327864
20		116		2.40		-471.482759	2316.835910	154.534483	-17539.052021
20		117		2.40		-471.008547	2323.119585	155.128205	-17745.939513
20		118		2.40		-470.677966	2316.218328	155.966102	-18018.729675
20		119		2.40		-470.689076	2296.768872	156.907563	-18320.811242
20		120		2.40		-471.300000	2322.043333	158.050000	-18679.512500
20		121		2.40		-471.537190	2309.603989	159.057851	-19003.738406
20		122		2.40		-472.098361	2328.777210	160.245902	-19380.127385
20		123		2.40		-473.008130	2410.821072	161.398374	-19749.417675
20		124		2.40		-473.806452	2469.768991	162.403226	-20079.542924
20		125		2.40		-474.432000	2498.533376	163.296000	-20379.619584
20		126		2.40		-475.365079	2587.533384	164.365079	-20731.943563
20		127		2.40		-476.125984	2640.110112	165.354331	-21063.365119
20		128		2.40		-476.656250	2655.194336	166.218750	-21360.172852
20		129		2.40		-477.023256	2651.852172	166.899225	-21604.217655
20		130		2.40		-477.230769	2637.008284	167.600000	-21854.960000
20		131		2.40		-477.465649	2624.050347	168.351145	-22121.455043
20		132		2.40		-477.727273	2613.137741	169.045455	-22371.882231
20		133		2.40		-478.285714	2634.655209	169.804511	-22642.550285
20		134		2.40		-478.776119	2646.979728	170.626866	-22933.373134
20		135		2.40		-479.170370	2648.200604	171.614815	-23275.934376
20		136		2.40		-479.970588	2715.175606	172.720588	-23656.649870
20		137		2.40		-480.642336	2756.726091	173.824818	-24039.352443
20		138		2.40		-481.594203	2860.878807	174.985507	-24442.169712
20		139		2.40		-482.388489	2927.359868	176.014388	-24806.175974
20		140		2.40		-483.771429	3172.290612	177.200000	-25222.052245
20		141		2.40		-484.624113	3251.582114	178.269504	-25603.612696
20		142		2.40		-485.070423	3256.769689	179.169014	-25932.659790
20		143		2.40		-485.538462	3265.101668	179.986014	-26236.492249
20		144		2.40		-485.972222	3269.332562	180.638889	-26488.065586
20		145		2.40		-486.206897	3254.715815	181.158621	-26696.747872
20		146		2.40		-486.356164	3235.653969	181.602740	-26880.900732
20		147		2.40		-487.020408	3278.060808	182.285714	-27143.828405
20		148		2.40		-487.702703	3324.344047	182.932432	-27395.504565
20		149		2.40		-487.919463	3308.986802	183.382550	-27582.465114
20		150		2.40		-488.026667	3288.639289	183.946667	-27807.574044
20		151		2.40		-488.026490	3266.860225	184.397351	-27995.116881
20		152		2.40		-488.394737	3265.844183	184.934211	-28211.750173
20		153		2.40		-488.758170	3264.575505	185.503268	-28439.598018
20		154		2.40		-489.298701	3288.079609	186.103896	-28678.582223
20		155		2.40		-490.038710	3351.198502	186.864516	-28972.553757
20		156		2.40		-490.410256	3351.113741	187.500000	-29224.750000
20		157		2.40		-490.496815	3330.937888	187.949045	-29413.582214
20		158		2.40		-490.582278	3311.002724	188.430380	-29613.691716
20		159		2.40		-490.842767	3300.899806	188.968553	-29833.676912
20		160		2.40		-491.025000	3285.549375	189.375000	-30008.375625
20		161		2.40		-491.329193	3279.947533	189.714286	-30159.820995
20		162		2.40		-491.654321	3276.720012	190.098765	-30326.971803
20		163		2.40		-492.122699	3292.156724	190.392638	-30462.527833
20		164		2.40		-492.365854	3281.719810	190.646341	-30583.926086
20		165		2.40		-492.533333	3266.430707	190.836364	-30682.848264
20		166		2.40		-492.361446	3251.628393	190.831325	-30713.114240
20		167		2.40		-492.383234	3232.236366	190.646707	-30680.053713
20		168		2.40		-492.333333	3213.412698	190.547619	-30676.595805
20		169		2.40		-492.142012	3200.547880	190.449704	-30673.179020
20		170		2.40		-492.070588	3182.583253	190.600000	-30756.418547
20		171		2.40		-491.859649	3171.535857	190.713450	-30826.469820
20		172		2.40		-491.627907	3162.280151	190.686047	-30846.739724
20		173		2.40		-491.375723	3154.939757	190.635838	-30858.656019
20		174		2.40		-491.103448	3149.632977	190.540230	-30854.279561
20		175		2.40		-490.788571	3148.886727	190.240000	-30777.714808
20		176		2.40		-490.750000	3131.255682	190.045455	-30737.973140
20		177		2.40		-490.847458	3115.236618	189.966102	-30738.323470
20		178		2.40		-490.943820	3099.378866	190.056180	-30797.810125
20		179		2.40		-490.569832	3106.960207	189.843575	-30750.769889
20		180		2.40		-490.466667	3091.604444	189.900000	-30797.834444
20		181		2.40		-490.475138	3074.536675	189.988950	-30856.061659
20		182		2.40		-490.571429	3059.321821	189.901099	-30851.892042
20		183		2.40		-490.535519	3042.838902	189.814208	-30847.768282
20		184		2.40		-490.456522	3027.443762	189.532609	-30774.990194
20		185		2.40		-490.291892	3016.066150	189.210811	-30687.927655
20		186		2.40		-490.301075	2999.866343	189.086022	-30669.691756
20		187		2.40		-489.989305	3001.903629	188.866310	-30617.953559
20		188		2.40		-489.702128	3001.358081	188.521277	-30522.176890
20		189		2.40		-489.502646	2992.958988	188.253968	-30453.414966
20		190		2.40		-489.368421	2980.611634	188.000000	-30389.123989
20		191		2.40		-489.256545	2967.384447	187.675393	-30300.044242
20		192		2.40		-489.104167	2956.364149	187.375000	-30219.265625
20		193		2.40		-488.994819	2943.341942	187.108808	-30150.227926
20		194		2.40		-489.010309	2928.216389	186.793814	-30064.097991
20		195		2.40		-488.861538	2917.493649	186.451282	-29968.316476
20		196		2.40		-488.673469	2909.505623	186.132653	-29880.719596
20		197		2.40		-488.467005	2903.091551	185.827411	-29797.644052
20		198		2.40		-488.222222	2900.233446	185.161616	-29590.258137
20		199		2.40		-488.140704	2886.975177	184.482412	-29378.777506
20		200		2.40		-488.080000	2873.273600	183.920000	-29207.753600
20		201		2.40		-488.039801	2859.301898	183.393035	-29049.100121
20		202		2.40		-487.960396	2846.414273	182.871287	-28892.443290
20		203		2.40		-487.605911	2857.775729	182.443350	-28767.824796
20		204		2.40		-487.392157	2853.042291	182.107843	-28674.575067
20		205		2.40		-487.356098	2839.390268	181.746341	-28572.486710
20		206		2.40		-487.165049	2833.089264	181.359223	-28461.738524
20		207		2.40		-486.782609	2849.532451	180.946860	-28342.509930
20		208		2.40		-486.480769	2854.691938	180.413462	-28182.680566
20		209		2.40		-486.449761	2841.233122	179.856459	-28015.213159
20		210		2.40		-486.266667	2834.709841	179.400000	-27881.635918
20		211		2.40		-485.990521	2837.289010	178.976303	-27759.116372
20		212		2.40		-485.981132	2823.924172	178.632075	-27663.123799
20		213		2.40		-485.971831	2810.684653	178.187793	-27533.901166
20		214		2.40		-486.186916	2807.404315	177.822430	-27430.950476
20		215		2.40		-486.362791	2800.966057	177.367442	-27298.393380
20		216		2.40		-486.277778	2789.552469	176.824074	-27136.859139
20		217		2.40		-486.433180	2781.913738	176.331797	-26992.429994
20		218		2.40		-486.458716	2769.294167	175.733945	-26813.631344
20		219		2.40		-486.429224	2756.838598	175.041096	-26604.263839
20		220		2.40		-486.400000	2744.494545	174.363636	-26400.563967
20		221		2.40		-486.280543	2735.215413	173.737557	-26214.133290
20		222		2.40		-485.891892	2756.276601	173.027027	-26000.965668
20		223		2.40		-485.901345	2743.936456	172.358744	-25802.094794
20		224		2.40		-486.107143	2741.131378	171.794643	-25637.201610
20		225		2.40		-486.293333	2736.713956	171.404444	-25528.247901
20		226		2.40		-486.477876	2732.267210	171.035398	-25426.132822
20		227		2.40		-486.555066	2721.577364	170.643172	-25316.705700
20		228		2.40		-486.771930	2720.316405	170.333333	-25233.552478
20		229		2.40		-486.986900	2718.973628	170.034934	-25154.031426
20		230		2.40		-486.973913	2707.190624	169.765217	-25083.590170
20		231		2.40		-486.857143	2698.607297	169.523810	-25022.074849
20		232		2.40		-486.655172	2696.398335	169.224138	-24942.096017
20		233		2.40		-486.334764	2708.643298	169.107296	-24919.821142
20		234		2.40		-486.017094	2720.580904	168.897436	-24868.078895
20		235		2.40		-485.940426	2710.379430	168.851064	-24867.814504
20		236		2.40		-485.745763	2707.799770	168.567797	-24792.754309
20		237		2.40		-485.704641	2696.773523	168.371308	-24744.987733
20		238		2.40		-485.579832	2689.134383	168.092437	-24671.256832
20		239		2.40		-485.456067	2681.528405	167.849372	-24608.754679
20		240		2.40		-485.300000	2676.176667	167.616667	-24549.463611
20		241		2.40		-485.228216	2666.308913	167.535270	-24537.521461
20		242		2.40		-485.057851	2662.285909	167.297521	-24476.512670
20		243		2.40		-484.872428	2659.650392	167.226337	-24467.561720
20		244		2.40		-484.721311	2654.299382	167.065574	-24430.485891
20		245		2.40		-484.375510	2672.642666	166.808163	-24363.144090
20		246		2.40		-484.146341	2674.645251	166.626016	-24319.262608
20		247		2.40		-483.919028	2676.527857	166.477733	-24285.871527
20		248		2.40		-483.903226	2665.797086	166.370968	-24265.335848
20		249		2.40		-483.887550	2655.152014	166.248996	-24239.970259
20		250		2.40		-483.888000	2644.531456	166.152000	-24222.292224
20		251		2.40		-483.729084	2640.309074	166.039841	-24199.801971
20		252		2.40		-483.634921	2632.057193	165.992063	-24197.253653
20		253		2.40		-483.826087	2630.863035	165.984190	-24207.025918
20		254		2.40		-483.905512	2622.101308	166.015748	-24228.980594
20		255		2.40		-484.031373	2615.842153	166.117647	-24272.767336
20		256		2.40		-484.171875	2610.657959	166.289062	-24338.189026
20		257		2.40		-484.326848	2606.648034	166.505837	-24417.781829
20		258		2.40		-484.418605	2598.708491	166.759690	-24509.022775
20		259		2.40		-484.586873	2595.979905	167.019305	-24602.149968
20		260		2.40		-484.784615	2596.122840	167.315385	-24706.827160
20		261		2.40		-485.072797	2607.768647	167.846743	-24885.827513
20		262		2.40		-485.541985	2655.271138	168.473282	-25095.537206
20		263		2.40		-485.961977	2691.390189	169.102662	-25306.941289
20		264		2.40		-486.393939	2730.269054	169.712121	-25512.778466
20		265		2.40		-486.656604	2738.180192	170.203774	-25681.582115
20		266		2.40		-487.007519	2760.518740	170.759398	-25871.434564
20		267		2.40		-487.400749	2791.311310	171.325843	-26065.393763
20		268		2.40		-487.820896	2828.027623	171.888060	-26258.621241
20		269		2.40		-488.029740	2829.203577	172.371747	-26426.934288
20		270		2.40		-488.000000	2818.962963	172.725926	-26553.468861
20		271		2.40		-488.132841	2813.325527	173.143911	-26701.074522
20		272		2.40		-488.294118	2810.031142	173.573529	-26852.819420
20		273		2.40		-488.512821	2812.748004	173.992674	-27001.469441
20		274		2.40		-488.671533	2809.359263	174.408759	-27149.439928
20		275		2.40		-488.858182	2808.688979	174.829091	-27299.137507
20		276		2.40		-488.913043	2799.340265	175.123188	-27407.346933
20		277		2.40		-488.895307	2789.321169	175.350181	-27493.429238
20		278		2.40		-489.021583	2783.704570	175.553957	-27571.856426
20		279		2.40		-489.247312	2787.892242	175.792115	-27661.754936
20		280		2.40		-489.514286	2797.821224	176.178571	-27801.162704
20		281		2.40		-489.765125	2805.482200	176.505338	-27920.889629
20		282		2.40		-490.000000	2811.035461	176.886525	-28059.029626
20		283		2.40		-490.289753	2824.778234	177.250883	-28191.783016
20		284		2.40		-490.535211	2831.882563	177.676056	-28345.252133
20		285		2.40		-490.624561	2824.213432	177.950877	-28448.314435
20		286		2.40		-490.965035	2847.376400	178.391608	-28607.595188
20		287		2.40		-491.289199	2867.508699	178.926829	-28799.314208
20		288		2.40		-491.597222	2884.782215	179.416667	-28976.145833
20		289		2.40		-491.792388	2885.770046	179.820069	-29123.933286
20		290		2.40		-491.986207	2886.675672	180.213793	-29268.713151
20		291		2.40		-492.054983	2878.127561	180.542955	-29391.636920
20		292		2.40		-492.273973	2882.226309	180.952055	-29542.224948
20		293		2.40		-492.668942	2917.941595	181.440273	-29720.405479
20		294		2.40		-492.925170	2927.252904	181.884354	-29883.788329
20		295		2.40		-493.369492	2975.371951	182.393220	-30070.018156
20		296		2.40		-493.689189	2995.470964	182.831081	-30232.057569
20		297		2.40		-493.952862	3005.964108	183.252525	-30388.740129
20		298		2.40		-494.093960	3001.789829	183.671141	-30544.771767
20		299		2.40		-494.354515	3011.981342	184.113712	-30709.533070
20		300		2.40		-494.613333	3021.970489	184.553333	-30873.634444
20		301		2.40		-494.830565	3026.087571	184.956811	-31025.371729
20		302		2.40		-494.900662	3017.546423	185.225166	-31129.710188
20		303		2.40		-494.891089	3007.615201	185.465347	-31224.200373
20		304		2.40		-495.065789	3006.969356	185.822368	-31360.144088
20		305		2.40		-495.239344	3006.267304	186.131148	-31479.196195
20		306		2.40		-495.215686	2996.613610	186.339869	-31562.843949
20		307		2.40		-495.296417	2988.846990	186.664495	-31687.796772
20		308		2.40		-495.428571	2984.504638	186.915584	-31786.704292
20		309		2.40		-495.430421	2974.847100	187.139159	-31875.877567
20		310		2.40		-495.445161	2965.317960	187.329032	-31953.064058
20		311		2.40		-495.498392	2956.661573	187.504823	-32025.242398
20		312		2.40		-495.487179	2947.224195	187.602564	-32069.478468
20		313		2.40		-495.578275	2940.397228	187.763578	-32136.370342
20		314		2.40		-495.605096	2931.258063	187.891720	-32191.474624
20		315		2.40		-495.593651	2921.993610	188.044444	-32255.398680
20		316		2.40		-495.645570	2913.595898	188.310127	-32359.960383
20		317		2.40		-495.596215	2905.174497	188.498423	-32436.749754
20		318		2.40		-495.647799	2896.882244	188.610063	-32485.931332
20		319		2.40		-495.548589	2890.931025	188.739812	-32541.627853
20		320		2.40		-495.312500	2899.677344	188.875000	-32599.280625
20		321		2.40		-495.314642	2890.645549	189.165109	-32712.952262
20		322		2.40		-495.267081	2882.394506	189.341615	-32785.609043
20		323		2.40		-495.157895	2877.309435	189.442724	-32830.960385
20		324		2.40		-495.135802	2868.586496	189.425926	-32833.540123
20		325		2.40		-495.126154	2859.790239	189.372308	-32822.722367
20		326		2.40		-495.030675	2853.980654	189.251534	-32787.525914
20		327		2.40		-495.009174	2845.403586	189.143731	-32756.991705
20		328		2.40		-494.963415	2837.413296	188.969512	-32702.391620
20		329		2.40		-494.772036	2840.802136	188.778116	-32641.577702
20		330		2.40		-494.545455	2849.084298	188.581818	-32579.000331
20		331		2.40		-494.296073	2860.999954	188.368580	-32510.322706
20		332		2.40		-494.180723	2856.786616	188.234940	-32470.351248
20		333		2.40		-494.066066	2852.572212	188.240240	-32480.422513
20		334		2.40		-493.988024	2846.059737	188.215569	-32479.641149
20		335		2.40		-493.886567	2841.002058	188.137313	-32459.498240
20		336		2.40		-493.738095	2839.931406	188.059524	-32439.481434
20		337		2.40		-493.661721	2833.464202	188.041543	-32440.967042
20		338		2.40		-493.550296	2829.265222	188.005917	-32436.048738
20		339		2.40		-493.640118	2823.646296	188.023599	-32450.289120
20		340		2.40		-493.517647	2820.426159	187.952941	-32432.656609
20		341		2.40		-493.384164	2818.213122	187.964809	-32444.709488
20		342		2.40		-493.099415	2837.621696	187.859649	-32414.560788
20		343		2.40		-492.991254	2833.349778	187.766764	-32388.799667
20		344		2.40		-492.883721	2829.079502	187.697674	-32371.567334
20		345		2.40		-492.811594	2822.668851	187.628986	-32354.439454
20		346		2.40		-492.820809	2814.540145	187.612717	-32356.130175
20		347		2.40		-492.806916	2806.495860	187.573487	-32349.516465
20		348		2.40		-492.712644	2801.515127	187.534483	-32342.941439
20		349		2.40		-492.538682	2804.019277	187.495702	-32336.404759
20		350		2.40		-492.491429	2796.787069	187.428571	-32319.631151
20		351		2.40		-492.433048	2790.011899	187.350427	-32298.860691
20		352		2.40		-492.250000	2793.846591	187.221591	-32259.840941
20		353		2.40		-492.045326	2800.677832	187.116147	-32229.203188
20		354		2.40		-492.022599	2792.948642	186.983051	-32188.614766
20		355		2.40		-492.090141	2786.696100	186.963380	-32188.703162
20		356		2.40		-492.078652	2778.915162	186.808989	-32140.422926
20		357		2.40		-491.988796	2774.005477	186.588235	-32068.364381
20		358		2.40		-491.854749	2772.671639	186.424581	-32016.780188
20		359		2.40		-491.688022	2774.899884	186.245125	-31959.547940
20		360		2.40		-491.577778	2771.555062	186.088889	-31910.624198
20		361		2.40		-491.501385	2765.978530	186.077562	-31913.458844
20		362		2.40		-491.381215	2763.550807	186.049724	-31910.355423
20		363		2.40		-491.349862	2756.293574	186.049587	-31917.112766
20		364		2.40		-491.340659	2748.752083	186.049451	-31923.833686
20		365		2.40		-491.320548	2741.368482	186.098630	-31948.147195
20		366		2.40		-491.300546	2734.024426	186.103825	-31956.703694
20		367		2.40		-491.258856	2727.210923	186.147139	-31978.858170
20		368		2.40		-491.358696	2723.458294	186.233696	-32016.458914
20		369		2.40		-491.241192	2721.158628	186.222222	-32018.949596
20		370		2.40		-491.243243	2713.805698	186.259459	-32038.842075
20		371		2.40		-491.245283	2706.492397	186.318059	-32066.356536
20		372		2.40		-491.236559	2699.245115	186.327957	-32076.398399
20		373		2.40		-491.034853	2707.143557	186.252011	-32055.657124
20		374		2.40		-490.909091	2705.804570	186.171123	-32033.118991
20		375		2.40		-490.826667	2701.129956	186.090667	-32010.708935
20		376		2.40		-490.734043	2697.163309	185.957447	-31969.399728
20		377		2.40		-490.705570	2690.313842	185.872679	-31945.403021
20		378		2.40		-490.624339	2685.684275	185.783069	-31919.651410
20		379		2.40		-490.701847	2680.868888	185.751979	-31914.784887
20		380		2.40		-490.684211	2673.931856	185.663158	-31889.261607
20		381		2.40		-490.645669	2667.478124	185.606299	-31875.129022
20		382		2.40		-490.596859	2661.402922	185.492147	-31840.514843
20		383		2.40		-490.475196	2660.108393	185.373368	-31804.237332
20		384		2.40		-490.385417	2656.268121	185.286458	-31779.311225
20		385		2.40		-490.327273	2650.666919	185.179221	-31747.118327
20		386		2.40		-489.948187	2699.126849	185.015544	-31694.809418
20		387		2.40		-489.695090	2716.878606	184.868217	-31648.330269
20		388		2.40		-489.731959	2710.402381	184.804124	-31631.457328
20		389		2.40		-489.614396	2708.797325	184.735219	-31612.847113
20		390		2.40		-489.641026	2702.127548	184.676923	-31597.984379
20		391		2.40		-489.780051	2702.754692	184.639386	-31590.474618
20		392		2.40		-489.989796	2713.061120	184.704082	-31619.286860
20		393		2.40		-490.076336	2709.093409	184.763359	-31646.154653
20		394		2.40		-490.111675	2702.708341	184.827411	-31674.704373
20		395		2.40		-490.177215	2697.558468	184.931646	-31717.550034
20		396		2.40		-490.353535	2703.026528	185.005051	-31749.406974
20		397		2.40		-490.539043	2709.845453	185.108312	-31791.898483
20		398		2.40		-490.663317	2709.168051	185.180905	-31823.445368
20		399		2.40		-490.706767	2703.129553	185.248120	-31853.060207
20		400		2.40		-490.820000	2701.487600	185.320000	-31884.326400
20		401		2.40		-491.032419	2712.799448	185.421446	-31926.146044
20		402		2.40		-491.064677	2706.468454	185.457711	-31944.658895
20		403		2.40		-490.918114	2708.387836	185.468983	-31954.212340
20		404		2.40		-490.712871	2718.660131	185.430693	-31946.019189
20		405		2.40		-490.804938	2715.371827	185.545679	-31992.613138
20		406		2.40		-490.926108	2714.630008	185.679803	-32046.066296
20		407		2.40		-491.017199	2711.328943	185.828010	-32104.584223
20		408		2.40		-491.068627	2705.759996	185.995098	-32169.902273
20		409		2.40		-491.178484	2704.068388	186.112469	-32217.408409
20		410		2.40		-491.043902	2704.880999	186.141463	-32233.178489
20		411		2.40		-491.017032	2698.595817	186.199513	-32259.363939
20		412		2.40		-490.970874	2692.921482	186.237864	-32278.454590
20		413		2.40		-490.866828	2690.861200	186.222760	-32278.312976
20		414		2.40		-490.772947	2688.001587	186.236715	-32288.589045
20		415		2.40		-490.756627	2681.634745	186.298795	-32316.143498
20		416		2.40		-490.798077	2675.901535	186.341346	-32336.659786
20		417		2.40		-490.848921	2670.559909	186.374101	-32353.632938
20		418		2.40		-490.803828	2665.018933	186.387560	-32363.642179
20		419		2.40		-490.720764	2661.542552	186.381862	-32366.734172
20		420		2.40		-490.552381	2667.085351	186.352381	-32361.243900
20		421		2.40		-490.403800	2670.022218	186.323040	-32355.780175
20		422		2.40		-490.265403	2671.758945	186.251185	-32334.999483
20		423		2.40		-490.165485	2669.655830	186.174941	-32312.623666
20		424		2.40		-490.207547	2664.107868	186.174528	-32317.493169
20		425		2.40		-490.221176	2657.918140	186.244706	-32347.728797
20		426		2.40		-490.375587	2661.811986	186.333333	-32384.595737
20		427		2.40		-490.501171	2662.296837	186.449649	-32431.432992
20		428		2.40		-490.598131	2660.090838	186.514019	-32459.558913
20		429		2.40		-490.620047	2654.095729	186.536131	-32472.440858
20		430		2.40		-490.632558	2647.990568	186.581395	-32493.649843
20		431		2.40		-490.709977	2644.424007	186.645012	-32521.462201
20		432		2.40		-490.731481	2638.501972	186.722222	-32554.169753
20		433		2.40		-490.725173	2632.425625	186.808314	-32590.078138
20		434		2.40		-490.755760	2626.765232	186.838710	-32605.864809
20		435		2.40		-490.942529	2635.865663	186.901149	-32633.210548
20		436		2.40		-491.045872	2634.465786	186.908257	-32640.547429
20		437		2.40		-491.075515	2628.820384	186.929062	-32652.813849
20		438		2.40		-491.077626	2622.820458	186.977169	-32674.931465
20		439		2.40		-491.088838	2616.900992	186.997722	-32687.070055
20		440		2.40		-491.200000	2616.378182	187.022727	-32700.799773
20		441		2.40		-491.356009	2621.154437	187.052154	-32716.110808
20		442		2.40		-491.457014	2619.723265	187.099548	-32737.906103
20		443		2.40		-491.494357	2614.426040	187.106095	-32744.902038
20		444		2.40		-491.540541	2609.482591	187.139640	-32761.651226
20		445		2.40		-491.667416	2610.765792	187.173034	-32778.329383
20		446		2.40		-491.721973	2606.236602	187.183857	-32786.815942
20		447		2.40		-491.803132	2603.343793	187.194631	-32795.265619
20		448		2.40		-491.928571	2604.566327	187.218750	-32808.530632
20		449		2.40		-491.982183	2600.053135	187.242762	-32821.739218
20		450		2.40		-492.000000	2594.417778	187.253333	-32830.059378
20		451		2.40		-492.070953	2590.930664	187.254989	-32835.129050
20		452		2.40		-492.150442	2588.048164	187.238938	-32833.761610
20		453		2.40		-492.194260	2583.202881	187.258278	-32845.202403
20		454		2.40		-492.273128	2580.330688	187.348018	-32882.154593
20		455		2.40		-492.334066	2576.345543	187.472527	-32931.727646
20		456		2.40		-492.403509	2572.889812	187.622807	-32990.680132
20		457		2.40		-492.525164	2574.008667	187.833698	-33071.709493
20		458		2.40		-492.611354	2571.783452	188.034934	-33149.303103
20		459		2.40		-492.801743	2582.782045	188.313725	-33255.250716
20		460		2.40		-493.017391	2598.512741	188.626087	-33373.613913
20		461		2.40		-493.206074	2609.252544	188.924078	-33486.908447
20		462		2.40		-493.463203	2634.084144	189.233766	-33604.664868
20		463		2.40		-493.641469	2643.076639	189.481641	-33699.908877
20		464		2.40		-493.818966	2651.967227	189.719828	-33791.706469
20		465		2.40		-493.926882	2651.667772	189.905376	-33864.233137
20		466		2.40		-494.094421	2659.029711	190.103004	-33941.270128
20		467		2.40		-494.244111	2663.777669	190.334047	-34030.704611
20		468		2.40		-494.350427	2663.364380	190.525641	-34105.665187
20		469		2.40		-494.405117	2659.085347	190.690832	-34170.927110
20		470		2.40		-494.374468	2653.868284	190.842553	-34231.248891
20		471		2.40		-494.343949	2648.671508	190.955414	-34277.213842
20		472		2.40		-494.364407	2643.257038	191.105932	-34337.147605
20		473		2.40		-494.452431	2641.325961	191.285412	-34407.860537
20		474		2.40		-494.565401	2641.790027	191.497890	-34490.885079
20		475		2.40		-494.694737	2644.157341	191.688421	-34565.830187
20		476		2.40		-494.949580	2669.451239	191.907563	-34651.491138
20		477		2.40		-495.211740	2696.569422	192.159329	-34749.403707
20		478		2.40		-495.230126	2691.089302	192.317992	-34812.682901
20		479		2.40		-495.265136	2686.057052	192.467641	-34872.635876
20		480		2.40		-495.366667	2685.398889	192.666667	-34951.084444
20		481		2.40		-495.434511	2682.025337	192.848233	-35023.068434
20		482		2.40		-495.609959	2691.266955	193.045643	-35101.046676
20		483		2.40		-495.677019	2687.862557	193.192547	-35160.149686
20		484		2.40		-495.644628	2682.815860	193.305785	-35206.650229
20		485		2.40		-495.620619	2677.563286	193.410309	-35249.892333
20		486		2.40		-495.679012	2673.707667	193.547325	-35305.354536
20		487		2.40		-495.712526	2668.763354	193.687885	-35362.176920
20		488		2.40		-495.770492	2664.930933	193.819672	-35415.726418
20		489		2.40		-495.828221	2661.107506	193.918200	-35456.772872
20		490		2.40		-495.853061	2655.978409	193.963265	-35477.682366
20		491		2.40		-495.788187	2652.631306	193.983707	-35489.303238
20		492		2.40		-495.731707	2648.806068	194.073171	-35526.926829
20		493		2.40		-495.756592	2643.737913	194.239351	-35593.497673
20		494		2.40		-495.894737	2647.794588	194.437247	-35672.095297
20		495		2.40		-495.967677	2645.073703	194.650505	-35756.573803
20		496		2.40		-496.096774	2647.990635	194.866935	-35842.337815
20		497		2.40		-496.096579	2642.662705	195.026157	-35906.503034
20		498		2.40		-496.000000	2641.991968	195.136546	-35952.188191
20		499		2.40		-495.983968	2636.825394	195.246493	-35997.719093
20		500		2.40		-496.040000	2633.118400	195.396000	-36058.287216
20		501		2.40		-496.119760	2631.043542	195.548902	-36120.181617
20		502		2.40		-496.111554	2625.836161	195.677291	-36172.788114
20		503		2.40		-496.174950	2622.633408	195.872763	-36250.960290
20		504		2.40		-496.357143	2634.126417	196.107143	-36344.035856
20		505		2.40		-496.546535	2646.988429	196.356436	-36442.909895
20		506		2.40		-496.727273	2658.253683	196.600791	-36540.015373
20		507		2.40		-496.954635	2679.167567	196.856016	-36641.397002
20		508		2.40		-497.094488	2683.809970	197.031496	-36712.336785
20		509		2.40		-497.163065	2680.926259	197.143418	-36758.953323
20		510		2.40		-497.145098	2675.833849	197.211765	-36788.865606
20		511		2.40		-497.103718	2671.470652	197.326810	-36836.700495
20		512		2.40		-497.132812	2666.685486	197.437500	-36882.878906
20		513		2.40		-497.216374	2665.062344	197.598441	-36948.389058
20		514		2.40		-497.338521	2667.531318	197.789883	-37025.681418
20		515		2.40		-497.506796	2676.906264	197.976699	-37101.257702
20		516		2.40		-497.697674	2690.482243	198.158915	-37175.122874
20		517		2.40		-497.911025	2708.765778	198.352031	-37253.255420
20		518		2.40		-498.046332	2713.001714	198.467181	-37301.331942
20		519		2.40		-498.119461	2710.544496	198.524085	-37326.913688
20		520		2.40		-498.169231	2706.617515	198.573077	-37349.432263
20		521		2.40		-498.195777	2701.788927	198.602687	-37364.449969
20		522		2.40		-498.229885	2697.219184	198.639847	-37382.376418
20		523		2.40		-498.302103	2694.784451	198.680688	-37401.717792
20		524		2.40		-498.396947	2694.346250	198.759542	-37435.759557
20		525		2.40		-498.400000	2689.219048	198.864762	-37480.012205
20		526		2.40		-498.410646	2684.165970	198.973384	-37525.595773
20		527		2.40		-498.459203	2680.312852	199.085389	-37572.505205
20		528		2.40		-498.530303	2677.900597	199.143939	-37598.696338
20		529		2.40		-498.480151	2674.166430	199.172023	-37613.064054
20		530		2.40		-498.362264	2676.472538	199.173585	-37617.132417
20		531		2.40		-498.327684	2672.065881	199.148776	-37610.957955
20		532		2.40		-498.300752	2667.428345	199.180451	-37626.682458
20		533		2.40		-498.221388	2665.774627	199.196998	-37636.526933
20		534		2.40		-498.172285	2662.067696	199.247191	-37659.418255
20		535		2.40		-498.048598	2665.261190	199.285981	-37677.876684
20		536		2.40		-498.067164	2660.473101	199.391791	-37722.357499
20		537		2.40		-498.085661	2655.702159	199.497207	-37766.698730
20		538		2.40		-498.126394	2651.656887	199.568773	-37797.889747
20		539		2.40		-498.107607	2646.927196	199.625232	-37823.204113
20		540		2.40		-498.007407	2647.436982	199.651852	-37836.904582
20		541		2.40		-497.885397	2650.582060	199.682070	-37851.995435
20		542		2.40		-497.852399	2646.280797	199.704797	-37864.161218
20		543		2.40		-497.775322	2644.627236	199.712707	-37870.549373
20		544		2.40		-497.698529	2642.967939	199.669118	-37856.881542
20		545		2.40		-497.739450	2639.029361	199.644037	-37850.405959
20		546		2.40		-497.728938	2634.256196	199.611722	-37841.104188
20		547		2.40		-497.711152	2629.613093	199.575868	-37830.415155
20		548		2.40		-497.693431	2624.986307	199.565693	-37829.704499
20		549		2.40		-497.573770	2628.051480	199.559199	-37830.413642
20		550		2.40		-497.600000	2623.650909	199.596364	-37848.097931
20		551		2.40		-497.626134	2619.264943	199.666062	-37878.437765
20		552		2.40		-497.659420	2615.130382	199.710145	-37898.803613
20		553		2.40		-497.627486	2610.964308	199.732369	-37910.650046
20		554		2.40		-497.588448	2607.094163	199.722022	-37909.801431
20		555		2.40		-497.636036	2603.651314	199.765766	-37930.009012
20		556		2.40		-497.640288	2598.978521	199.794964	-37944.543127
20		557		2.40		-497.615799	2594.645926	199.784560	-37943.637839
20		558		2.40		-497.634409	2590.188924	199.838710	-37967.875593
20		559		2.40		-497.617174	2585.721065	199.853309	-37976.692733
20		560		2.40		-497.535714	2584.813010	199.821429	-37967.382704
20		561		2.40		-497.433155	2586.095799	199.793226	-37959.496252
20		562		2.40		-497.395018	2582.310153	199.733096	-37939.159889
20		563		2.40		-497.264654	2587.274541	199.669627	-37917.517618
20		564		2.40		-497.198582	2585.144963	199.648936	-37912.528633
20		565		2.40		-497.111504	2584.845974	199.621239	-37904.800720
20		566		2.40		-497.045936	2582.708137	199.643110	-37916.365344
20		567		2.40		-497.022928	2578.452737	199.700176	-37941.632050
20		568		2.40		-497.014085	2573.957548	199.764085	-37969.562748
20		569		2.40		-496.843585	2585.945657	199.768014	-37974.112052
20		570		2.40		-496.807018	2582.169775	199.789474	-37985.484321
20		571		2.40		-496.875657	2580.333050	199.824869	-38002.281051
20		572		2.40		-496.951049	2579.067534	199.895105	-38032.660081
20		573		2.40		-496.963351	2574.653107	199.965096	-38062.945143
20		574		2.40		-496.898955	2572.543797	199.982578	-38072.736636
20		575		2.40		-496.987826	2572.603330	200.059130	-38105.578507
20		576		2.40		-497.069444	2571.967400	200.142361	-38141.032998
20		577		2.40		-497.123050	2569.165101	200.201040	-38166.899453
20		578		2.40		-497.093426	2565.226566	200.224913	-38179.160977
20		579		2.40		-497.091537	2560.798184	200.252159	-38192.732291
20		580		2.40		-497.013793	2559.882568	200.244828	-38192.779298
20		581		2.40		-496.881239	2565.667479	200.223752	-38187.444124
20		582		2.40		-496.749141	2571.397551	200.189003	-38176.755636
20		583		2.40		-496.610635	2578.151997	200.106346	-38147.341073
20		584		2.40		-496.458904	2587.159270	200.037671	-38123.388030
20		585		2.40		-496.307692	2596.089941	200.000000	-38111.537778
20		586		2.40		-496.238908	2594.427565	199.993174	-38111.722746
20		587		2.40		-496.299830	2592.182675	200.023850	-38126.542742
20		588		2.40		-496.251701	2589.133926	200.037415	-38134.672301
20		589		2.40		-496.278438	2585.158465	200.006791	-38125.533790
20		590		2.40		-496.338983	2582.935938	200.044068	-38142.905947
20		591		2.40		-496.311337	2579.016437	200.057530	-38150.968275
20		592		2.40		-496.391892	2578.495069	200.135135	-38184.087655
20		593		2.40		-496.478921	2578.630669	200.209106	-38215.790894
20		594		2.40		-496.484848	2574.310376	200.269360	-38242.132481
20		595		2.40		-496.450420	2570.687878	200.292437	-38253.928830
20		596		2.40		-496.476510	2566.779650	200.288591	-38255.184631
20		597		2.40		-496.475712	2562.480566	200.268007	-38249.883634
20		598		2.40		-496.488294	2558.289997	200.244147	-38243.292558
20		599		2.40		-496.554257	2556.621013	200.237062	-38243.253664
20		600		2.40		-496.693333	2563.945956	200.236667	-38245.822544
20		601		2.40		-496.772047	2563.397288	200.256240	-38256.193671
20		602		2.40		-496.837209	2561.691107	200.202658	-38237.940067
20		603		2.40		-496.888889	2559.050673	200.152570	-38221.048269
20		604		2.40		-496.913907	2555.191264	200.122517	-38211.983542
20		605		2.40		-496.978512	2553.488794	200.099174	-38205.534584
20		606		2.40		-497.049505	2552.324282	200.046205	-38187.497021
20		607		2.40		-497.093904	2549.314081	199.960461	-38156.649002
20		608		2.40		-497.078947	2545.256925	199.868421	-38123.345568
20		609		2.40		-497.064039	2541.212648	199.802956	-38100.422335
20		610		2.40		-497.022951	2538.074883	199.747541	-38081.420156
20		611		2.40		-497.014730	2533.962140	199.646481	-38044.604831
20		612		2.40		-497.019608	2529.836217	199.562092	-38014.299287
20		613		2.40		-496.985318	2526.428822	199.458401	-37976.474110
20		614		2.40		-496.990228	2522.328895	199.364821	-37942.597948
20		615		2.40		-496.871545	2526.876182	199.252033	-37901.248823
20		616		2.40		-496.798701	2526.037401	199.146104	-37862.583541
20		617		2.40		-496.842788	2523.140600	199.089141	-37842.979225
20		618		2.40		-496.873786	2519.650737	199.003236	-37812.114536
20		619		2.40		-496.962843	2520.481657	198.852989	-37756.243788
20		620		2.40		-497.000000	2517.270968	198.632258	-37673.038751
20		621		2.40		-497.011272	2513.296169	198.447665	-37603.932269
20		622		2.40		-497.028939	2509.449323	198.279743	-37541.341322
20		623		2.40		-496.956661	2508.670674	198.070626	-37462.845214
20		624		2.40		-496.871795	2509.137410	197.778846	-37352.462371
20		625		2.40		-496.819200	2506.848911	197.478400	-37238.889431
20		626		2.40		-496.843450	2503.211914	197.175719	-37114.745399
20		627		2.40		-496.797448	2500.544300	196.931419	-36969.004892
20		628		2.40		-496.777070	2496.822914	196.668790	-36831.385939
20		629		2.40		-496.750397	2493.300179	196.451510	-36677.317022
20		630		2.40		-496.736508	2489.463905	196.292063	-36502.103865
20		631		2.40		-496.709984	2485.961850	196.082409	-36347.299228
20		632		2.40		-496.664557	2483.330516	195.889241	-36187.258743
20		633		2.40		-496.518167	2492.951092	195.671406	-36037.721734
20		634		2.40		-496.435331	2493.362537	195.432177	-35897.375753
20		635		2.40		-496.207874	2522.237103	195.177953	-35763.731827
20		636		2.40		-496.000000	2545.710692	194.933962	-35627.175221
20		637		2.40		-495.786499	2570.704810	194.728414	-35477.035816
20		638		2.40		-495.611285	2586.231346	194.517241	-35330.051356
20		639		2.40		-495.424100	2604.538449	194.322379	-35177.927395
20		640		2.40		-495.175000	2640.119375	194.184375	-35005.438369
20		641		2.40		-495.026521	2650.110061	194.096724	-34815.173834
20		642		2.40		-494.971963	2647.890180	194.059190	-34607.366349
20		643		2.40		-494.954899	2643.959086	194.021773	-34400.821161
20		644		2.40		-494.875776	2643.878978	193.972050	-34200.149406
20		645		2.40		-494.778295	2645.899684	193.885271	-34014.481091
20		646		2.40		-494.668731	2649.546607	193.733746	-33853.942355
20		647		2.40		-494.596600	2648.812539	193.610510	-33684.006541
20		648		2.40		-494.543210	2646.569121	193.500000	-33510.473518
20		649		2.40		-494.434515	2650.147098	193.374422	-33343.578016
20		650		2.40		-494.369231	2648.835976	193.252308	-33176.481761
20		651		2.40		-494.267281	2651.523031	193.102919	-33020.419853
20		652		2.40		-494.245399	2647.768000	192.972393	-32858.490675
20		653		2.40		-494.223583	2644.023517	192.833078	-32700.793989
20		654		2.40		-494.226300	2639.985486	192.737003	-32528.421906
20		655		2.40		-494.247328	2636.244172	192.613740	-32366.971598
20		656		2.40		-494.164634	2636.704603	192.460366	-32217.418436
20		657		2.40		-494.185693	2632.982261	192.334855	-32058.795447
20		658		2.40		-494.151976	2629.727663	192.191489	-31907.595329
20		659		2.40		-494.112291	2626.773430	192.075873	-31747.417396
20		660		2.40		-494.054545	2624.990964	191.936364	-31596.792461
20		661		2.40		-493.978820	2624.804393	191.857791	-31425.393739
20		662		2.40		-493.921450	2623.014978	191.776435	-31256.049014
20		663		2.40		-493.936652	2619.211673	191.770739	-31060.922840
20		664		2.40		-493.963855	2615.757730	191.786145	-30859.536698
20		665		2.40		-493.984962	2612.120075	191.774436	-30668.940548
20		666		2.40		-494.036036	2609.932635	191.732733	-30490.050321
20		667		2.40		-494.110945	2609.756807	191.748126	-30292.260101
20		668		2.40		-494.125749	2605.996163	191.814371	-30077.934454
20		669		2.40		-494.188341	2604.717891	191.907324	-29855.646319
20		670		2.40		-494.197015	2600.880588	191.982090	-29641.041247
20		671		2.40		-494.217586	2597.287977	192.008942	-29444.306267
20		672		2.40		-494.261905	2594.740930	192.053571	-29242.659049
20		673		2.40		-494.312036	2592.574253	192.112927	-29037.200276
20		674		2.40		-494.314540	2588.731925	192.181009	-28830.025060
20		675		2.40		-494.382222	2587.984277	192.290370	-28610.073714
20		676		2.40		-494.414201	2584.846189	192.399408	-28391.605222
20		677		2.40		-494.522895	2589.014616	192.543575	-28162.633602
20		678		2.40		-494.619469	2591.510063	192.687316	-27935.252965
20		679		2.40		-494.586156	2588.445817	192.801178	-27719.322906
20		680		2.40		-494.611765	2585.084567	192.920588	-27502.891600
20		681		2.40		-494.619677	2581.331125	193.007342	-27298.677806
20		682		2.40		-494.621701	2577.548972	193.105572	-27091.927486
20		683		2.40		-494.711567	2579.282838	193.232796	-26876.892921
20		684		2.40		-494.766082	2577.541774	193.353801	-26665.255694
20		685		2.40		-494.785401	2574.034239	193.489051	-26450.281728
20		686		2.40		-494.827988	2571.524348	193.597668	-26245.351954
20		687		2.40		-494.899563	2571.295589	193.723435	-26036.130000
20		688		2.40		-495.029070	2579.080550	193.875000	-25819.876428
20		689		2.40		-495.204644	2596.545929	194.037736	-25601.399163
20		690		2.40		-495.281159	2596.816602	194.150725	-25400.284360
20		691		2.40		-495.259045	2593.395993	194.228654	-25211.640061
20		692		2.40		-495.254335	2589.663637	194.271676	-25035.286311
20		693		2.40		-495.255411	2585.927550	194.308802	-24861.885830
20		694		2.40		-495.256484	2582.202227	194.317003	-24698.701825
20		695		2.40		-495.223022	2579.263930	194.302158	-24543.782504
20		696		2.40		-495.126437	2582.041485	194.267241	-24396.118221
20		697		2.40		-494.961263	2597.325616	194.223816	-24252.018398
20		698		2.40		-494.767908	2619.662466	194.174785	-24110.545874
20		699		2.40		-494.620887	2631.002196	194.065808	-23988.631321
20		700		2.40		-494.491429	2638.958498	193.971429	-23862.924865
20		701		2.40		-494.390870	2642.272327	193.825963	-23753.846915
20		702		2.40		-494.262108	2650.130729	193.663818	-23650.623161
20		703		2.40		-494.150782	2655.061191	193.593172	-23519.778167
20		704		2.40		-494.102273	2652.944086	193.500000	-23396.667355
20		705		2.40		-494.059574	2650.464536	193.446809	-23262.018780
20		706		2.40		-494.039660	2646.989928	193.407932	-23123.795552
20		707		2.40		-493.951909	2648.682270	193.355021	-22990.691561
20		708		2.40		-493.932203	2645.215743	193.282486	-22864.367902
20		709		2.40		-493.901269	2642.162326	193.179126	-22748.174425
20		710		2.40		-493.825352	2642.527245	193.050704	-22640.287514
20		711		2.40		-493.732771	2644.896240	192.933896	-22529.554341
20		712		2.40		-493.668539	2644.114853	192.789326	-22427.877643
20		713		2.40		-493.683029	2640.555911	192.676017	-22317.423293
20		714		2.40		-493.602241	2641.511255	192.571429	-22205.024347
20		715		2.40		-493.549650	2639.791591	192.467133	-22093.220468
20		716		2.40		-493.530726	2636.360788	192.349162	-21986.181666
20		717		2.40		-493.500697	2633.329497	192.198047	-21889.679052
20		718		2.40		-493.487465	2629.787447	192.047354	-21793.655434
20		719		2.40		-493.457580	2626.771149	191.885953	-21701.411600
20		720		2.40		-493.388889	2626.515432	191.722222	-21610.440864
20		721		2.40		-493.320388	2626.251027	191.558946	-21519.911761
20		722		2.40		-493.257618	2625.454409	191.337950	-21446.990554
20		723		2.40		-493.167358	2627.705048	191.120332	-21373.578745
20		724		2.40		-493.088398	2628.583346	190.914365	-21297.244002
20		725		2.40		-493.009655	2629.446803	190.711724	-21220.445272
20		726		2.40		-492.975207	2626.685336	190.515152	-21142.380757
20		727		2.40		-492.902338	2626.927188	190.302613	-21069.503384
20		728		2.40		-492.840659	2626.084501	190.074176	-21001.766491
20		729		2.40		-492.784636	2624.767062	189.824417	-20940.726105
20		730		2.40		-492.728767	2623.446981	189.597260	-20873.557020
20		731		2.40		-492.694938	2620.693531	189.376197	-20827.293575
20		732		2.40		-492.666667	2617.697632	189.232240	-20803.293970
20		733		2.40		-492.622101	2615.580248	189.045020	-20766.775962
20		734		2.40		-492.615804	2612.045854	188.874659	-20735.102570
20		735		2.40		-492.582313	2609.315333	188.688435	-20698.836348
20		736		2.40		-492.527174	2608.004696	188.535326	-20672.086137
20		737		2.40		-492.477612	2606.273922	188.320217	-20627.474175
20		738		2.40		-492.417344	2605.419320	188.105691	-20583.031132
20		739		2.40		-492.303112	2611.523820	187.940460	-20552.736394
20		740		2.40		-492.248649	2610.186822	187.778378	-20523.320993
20		741		2.40		-492.199730	2608.435142	187.619433	-20494.779623
20		742		2.40		-492.113208	2610.466968	187.447439	-20462.474960
20		743		2.40		-492.129206	2607.143467	187.289367	-20434.134484
20		744		2.40		-492.155914	2604.169239	187.147849	-20410.503042
20		745		2.40		-492.187919	2601.435827	186.969128	-20376.205908
20		746		2.40		-492.214477	2598.474107	186.718499	-20321.364331
20		747		2.40		-492.235609	2595.328692	186.492637	-20273.611949
20		748		2.40		-492.294118	2594.416169	186.275401	-20228.327311
20		749		2.40		-492.341789	2592.652206	186.042724	-20178.657154
20		750		2.40		-492.389333	2590.888420	185.826667	-20133.725511
20		751		2.40		-492.442077	2589.524941	185.621838	-20091.986472
20		752		2.40		-492.473404	2586.818442	185.414894	-20049.647606
20		753		2.40		-492.499336	2583.888778	185.179283	-19999.192394
20		754		2.40		-492.493369	2580.488683	184.952255	-19951.184698
20		755		2.40		-492.381457	2586.514093	184.778808	-19918.329484
20		756		2.40		-492.312169	2586.717365	184.648148	-19897.540823
20		757		2.40		-492.195509	2593.589253	184.504624	-19873.089230
20		758		2.40		-492.084433	2599.507383	184.364116	-19849.461435
20		759		2.40		-492.047431	2597.120280	184.216074	-19823.681427
20		760		2.40		-492.063158	2593.890748	184.136842	-19817.265956
20		761		2.40		-492.068331	2590.502558	184.049934	-19808.646590
20		762		2.40		-492.068241	2587.102955	183.992126	-19808.186496
20		763		2.40		-492.089122	2584.044482	183.934469	-19807.727615
20		764		2.40		-492.089005	2580.662235	183.890052	-19810.958334
20		765		2.40		-492.115033	2577.806375	183.845752	-19814.180860
20		766		2.40		-492.130548	2574.625255	183.796345	-19815.923443
20		767		2.40		-492.161669	2572.010369	183.728814	-19812.517249
20		768		2.40		-492.161458	2568.661431	183.690104	-19817.193203
20		769		2.40		-492.182055	2565.646960	183.635891	-19817.459102
20		770		2.40		-492.212987	2563.050740	183.566234	-19813.332056
20		771		2.40		-492.191958	2560.066913	183.468223	-19801.176234
20		772		2.40		-492.134715	2559.277189	183.365285	-19787.596358
20		773		2.40		-492.098318	2556.989040	183.260026	-19773.327855
20		774		2.40		-492.077519	2554.019831	183.129199	-19751.829845
20		775		2.40		-492.098065	2551.051029	182.983226	-19726.044710
20		776		2.40		-492.056701	2549.089568	182.824742	-19696.721676
20		777		2.40		-492.082368	2546.320114	182.679537	-19671.109703
20		778		2.40		-492.082262	2543.047218	182.526992	-19643.416063
20		779		2.40		-492.051348	2540.526247	182.405648	-19624.453077
20		780		2.40		-492.035897	2537.455122	182.338462	-19620.645917
20		781		2.40		-491.918054	2545.038099	182.307298	-19626.903592
20		782		2.40		-491.841432	2546.368718	182.299233	-19639.604084
20		783		2.40		-491.780332	2546.036037	182.301405	-19655.143932
20		784		2.40		-491.683673	2550.104019	182.252551	-19656.326225
20		785		2.40		-491.607643	2551.387458	182.163057	-19646.064366
20		786		2.40		-491.597964	2548.214958	182.096692	-19642.256693
20		787		2.40		-491.623888	2545.505300	182.038119	-19640.598170
20		788		2.40		-491.629442	2542.299235	182.005076	-19646.065732
20		789		2.40		-491.614702	2539.248250	181.994930	-19657.923652
20		790		2.40		-491.625316	2536.122903	181.972152	-19666.200904
20		791		2.40		-491.646018	2533.255228	181.934260	-19670.198855
20		792		2.40		-491.691919	2531.723268	181.896465	-19674.187105
20		793		2.40		-491.742749	2530.576949	181.876419	-19683.124279
20		794		2.40		-491.763224	2527.722275	181.843829	-19688.502687
20		795		2.40		-491.803774	2525.848288	181.816352	-19695.281952
20		796		2.40		-491.819095	2522.861746	181.814070	-19709.106765
20		797		2.40		-491.799247	2520.009887	181.816813	-19724.312829
20		798		2.40		-491.759398	2518.117550	181.796992	-19733.142292
20		799		2.40		-491.799750	2516.265282	181.837297	-19758.854501
20		800		2.40		-491.855000	2515.558975	181.902500	-19791.559756
20		801		2.40		-491.930087	2516.928945	181.982522	-19828.433397
20		802		2.40		-492.034913	2522.592297	182.057357	-19863.841767
20		803		2.40		-492.124533	2525.892337	182.146949	-19903.413916
20		804		2.40		-492.233831	2532.343333	182.241294	-19944.333302
20		805		2.40		-492.332919	2537.091649	182.345342	-19988.005469
20		806		2.40		-492.426799	2541.038686	182.476427	-20039.351575
20		807		2.40		-492.436183	2537.960921	182.577447	-20082.197470
20		808		2.40		-492.435644	2534.820116	182.663366	-20120.764950
20		809		2.40		-492.430161	2531.711130	182.714462	-20149.436870
20		810		2.40		-492.419753	2528.673190	182.782716	-20182.973778
20		811		2.40		-492.414303	2525.579278	182.865598	-20220.667718
20		812		2.40		-492.428571	2522.634061	182.972906	-20265.322666
20		813		2.40		-492.403444	2520.043875	183.065191	-20305.705665
20		814		2.40		-492.437346	2517.882438	183.174447	-20350.940966
20		815		2.40		-492.471166	2515.724015	183.305521	-20402.430270
20		816		2.40		-492.514706	2514.186058	183.421569	-20449.647660
20		817		2.40		-492.558140	2512.648089	183.537332	-20496.803618
20		818		2.40		-492.577017	2509.867540	183.647922	-20542.495059
20		819		2.40		-492.644689	2510.548968	183.765568	-20590.229843
20		820		2.40		-492.682927	2508.684830	183.868293	-20633.694682
20		821		2.40		-492.740560	2508.352910	183.970767	-20677.099108
20		822		2.40		-492.832117	2512.183494	184.063260	-20717.638719
20		823		2.40		-492.908870	2513.973469	184.128797	-20750.409786
20		824		2.40		-492.956311	2512.774790	184.199029	-20784.527995
20		825		2.40		-493.003636	2511.574532	184.283636	-20822.792912
20		826		2.40		-493.099274	2516.079733	184.372881	-20862.400307
20		827		2.40		-493.233374	2527.891123	184.476421	-20906.149074
20		828		2.40		-493.376812	2541.853182	184.618357	-20961.037340
20		829		2.40		-493.505428	2552.483987	184.728589	-21006.763770
20		830		2.40		-493.624096	2561.082793	184.845783	-21054.529226
20		831		2.40		-493.728039	2566.968155	184.945848	-21097.334645
20		832		2.40		-493.730769	2563.889053	185.040865	-21138.680988
20		833		2.40		-493.771909	2562.219283	185.150060	-21184.165349
20		834		2.40		-493.760192	2559.261437	185.218225	-21217.699935
20		835		2.40		-493.825150	2559.715535	185.293413	-21253.277493
20		836		2.40		-493.851675	2557.241157	185.387560	-21294.389941
20		837		2.40		-493.868578	2554.424783	185.448029	-21325.663082
20		838		2.40		-493.818616	2553.465906	185.482100	-21349.204812
20		839		2.40		-493.778308	2551.783987	185.539928	-21379.680123
20		840		2.40		-493.790476	2548.870385	185.600000	-21410.801837
20		841		2.40		-493.812128	2546.233432	185.659929	-21441.871986
20		842		2.40		-493.805226	2543.249474	185.719715	-21472.890674
20		843		2.40		-493.855279	2542.342045	185.791222	-21507.340330
20		844		2.40		-493.914692	2542.305519	185.888626	-21549.394864
20		845		2.40		-493.973964	2542.262044	185.995266	-21594.175506
20		846		2.40		-494.089835	2550.601859	186.108747	-21640.984882
20		847		2.40		-494.177096	2554.032392	186.221960	-21687.734040
20		848		2.40		-494.179245	2551.024475	186.311321	-21727.463354
20		849		2.40		-494.167256	2548.141637	186.383981	-21762.265369
20		850		2.40		-494.150588	2545.379676	186.477647	-21803.271994
20		851		2.40		-494.082256	2546.357511	186.559342	-21840.744133
20		852		2.40		-494.075117	2543.412198	186.654930	-21882.330639
20		853		2.40		-494.114889	2541.778125	186.778429	-21932.198994
20		854		2.40		-494.220141	2548.251304	186.920375	-21987.567639
20		855		2.40		-494.212865	2545.316092	186.994152	-22022.720153
20		856		2.40		-494.205607	2542.387632	187.067757	-22057.818396
20		857		2.40		-494.277713	2543.871534	187.187865	-22106.751674
20		858		2.40		-494.298368	2541.272282	187.293706	-22151.457773
20		859		2.40		-494.351572	2540.742521	187.413271	-22200.270900
20		860		2.40		-494.409302	2540.651076	187.523256	-22246.246485
20		861		2.40		-494.518002	2547.861755	187.656214	-22299.105316
20		862		2.40		-494.603248	2551.162774	187.779582	-22349.126490
20		863		2.40		-494.757822	2568.802300	187.932793	-22408.113869
20		864		2.40		-494.851852	2573.459534	188.060185	-22459.402864
20		865		2.40		-494.931792	2576.005752	188.178035	-22507.854036
20		866		2.40		-495.011547	2578.533354	188.297921	-22556.939447
20		867		2.40		-495.118800	2585.521065	188.445213	-22614.296458
20		868		2.40		-495.225806	2592.469749	188.582949	-22668.815939
20		869		2.40		-495.318757	2596.985851	188.741082	-22729.525534
20		870		2.40		-495.448276	2608.578359	188.908046	-22792.954948
20		871		2.40		-495.669346	2648.101919	189.092997	-22861.885793
20		872		2.40		-495.761468	2652.456864	189.233945	-22917.555130
20		873		2.40		-495.770905	2649.496198	189.324170	-22957.875845
20		874		2.40		-495.830664	2649.582309	189.439359	-23005.780938
20		875		2.40		-495.913143	2652.499884	189.565714	-23057.099559
20		876		2.40		-495.954338	2650.956819	189.659817	-23098.633176
20		877		2.40		-496.000000	2649.760547	189.751425	-23139.414819
20		878		2.40		-496.072893	2651.402431	189.842825	-23180.139279
20		879		2.40		-496.118316	2650.197605	189.927190	-23218.724688
20		880		2.40		-496.172727	2649.788347	190.018182	-23259.335558
20		881		2.40		-496.258797	2653.299653	190.118048	-23302.663934
20		882		2.40		-496.376417	2662.479625	190.244898	-23354.256745
20		883		2.40		-496.412231	2660.595637	190.351076	-23399.547461
20		884		2.40		-496.506787	2665.480723	190.466063	-23447.552896
20		885		2.40		-496.542373	2663.588318	190.574011	-23493.418716
20		886		2.40		-496.555305	2660.730011	190.654628	-23530.907775
20		887		2.40		-496.622322	2661.709671	190.759865	-23575.963959
20		888		2.40		-496.702703	2664.443146	190.885135	-23627.197453
20		889		2.40		-496.746907	2663.181163	190.998875	-23674.906553
20		890		2.40		-496.817978	2664.679227	191.116854	-23723.941795
20		891		2.40		-496.857464	2663.076204	191.223345	-23769.453885
20		892		2.40		-496.919283	2663.495727	191.343049	-23819.062755
20		893		2.40		-496.967525	2662.589091	191.464726	-23869.304457
20		894		2.40		-496.975391	2659.666061	191.588367	-23920.178871
20		895		2.40		-497.068156	2664.387533	191.736313	-23978.611349
20		896		2.40		-497.227679	2684.189234	191.906250	-24043.911352
20		897		2.40		-497.355630	2695.865724	192.051282	-24101.532434
20		898		2.40		-497.443207	2699.743434	192.184855	-24155.629496
20		899		2.40		-497.588432	2715.679332	192.344828	-24217.981025
20		900		2.40		-497.737778	2732.713462	192.504444	-24280.273872
20		901		2.40		-497.855716	2742.198938	192.652608	-24339.042228
20		902		2.40		-498.017738	2762.811215	192.807095	-24399.830483
20		903		2.40		-498.108527	2767.186450	192.945736	-24455.706535
20		904		2.40		-498.221239	2775.597071	193.095133	-24514.988904
20		905		2.40		-498.280663	2775.722333	193.211050	-24563.812016
20		906		2.40		-498.291391	2772.762774	193.311258	-24607.723784
20		907		2.40		-498.341786	2772.006666	193.439912	-24660.586654
20		908		2.40		-498.383260	2770.513905	193.572687	-24714.775544
20		909		2.40		-498.446645	2771.114040	193.702970	-24768.211265
20		910		2.40		-498.589011	2786.492626	193.861538	-24830.597000
20		911		2.40		-498.735456	2802.949775	194.030735	-24896.390165
20		912		2.40		-498.907895	2826.965201	194.192982	-24960.045264
20		913		2.40		-498.992333	2830.371245	194.313253	-25010.466080
20		914		2.40		-499.080963	2834.446399	194.431072	-25060.133829
20		915		2.40		-499.121311	2832.836650	194.531148	-25104.196549
20		916		2.40		-499.183406	2833.272039	194.617904	-25144.043759
20		917		2.40		-499.232279	2832.370256	194.697928	-25181.757328
20		918		2.40		-499.267974	2830.453244	194.760349	-25213.877474
20		919		2.40		-499.260065	2827.430734	194.783460	-25233.492432
20		920		2.40		-499.243478	2824.610284	194.810870	-25254.455147
20		921		2.40		-499.218241	2822.129352	194.842562	-25276.762913
20		922		2.40		-499.184382	2820.124355	194.869848	-25297.651009
20		923		2.40		-499.202600	2817.374988	194.890574	-25316.432290
20		924		2.40		-499.229437	2814.990649	194.911255	-25335.179827
20		925		2.40		-499.221622	2812.003857	194.934054	-25354.582751
20		926		2.40		-499.183585	2810.305389	194.963283	-25376.016868
20		927		2.40		-499.223301	2808.734387	195.029126	-25409.113436
20		928		2.40		-499.275862	2808.268728	195.109914	-25446.976335
20		929		2.40		-499.341227	2809.210798	195.201292	-25488.225016
20		930		2.40		-499.415054	2811.253537	195.324731	-25539.734656
20		931		2.40		-499.570354	2830.663955	195.469388	-25598.063644
20		932		2.40		-499.721030	2848.763377	195.613734	-25656.333603
20		933		2.40		-499.841372	2859.207420	195.755627	-25713.856556
20		934		2.40		-499.914347	2861.114719	195.865096	-25761.001692
20		935		2.40		-499.948663	2859.154584	195.965775	-25805.338035
20		936		2.40		-500.021368	2861.042278	196.083333	-25855.118220
20		937		2.40		-500.140875	2871.356888	196.219851	-25911.028132
20		938		2.40		-500.247335	2878.915371	196.356077	-25966.878865
20		939		2.40		-500.298190	2878.275300	196.481363	-26019.232333
20		940		2.40		-500.374468	2880.676795	196.604255	-26070.839276
20		941		2.40		-500.403826	2878.425660	196.712009	-26117.575160
20		942		2.40		-500.479830	2880.805856	196.832272	-26168.377423
20		943		2.40		-500.509014	2878.553206	196.939555	-26214.997390
20		944		2.40		-500.584746	2880.912310	197.044492	-26260.872706
20		945		2.40		-500.643386	2881.109864	197.132275	-26301.195207
20		946		2.40		-500.659619	2878.313317	197.202960	-26335.969803
20		947		2.40		-500.688490	2876.062412	197.288279	-26375.498551
20		948		2.40		-500.708861	2873.421567	197.358650	-26410.170076
20		949		2.40		-500.754478	2872.366484	197.428872	-26444.791156
20		950		2.40		-500.757895	2869.354017	197.511579	-26483.475652
20		951		2.40		-500.811777	2869.094961	197.594111	-26522.106888
20		952		2.40		-500.794118	2866.377781	197.644958	-26550.407797
20		953		2.40		-500.847849	2866.118508	197.699895	-26580.033759
20		954		2.40		-500.867925	2863.498279	197.735849	-26603.454768
20		955		2.40		-500.917277	2862.823523	197.773822	-26627.520875
20		956		2.40		-500.928870	2859.957284	197.805439	-26649.496958
20		957		2.40		-500.932079	2856.978668	197.841170	-26672.802217
20		958		2.40		-500.926931	2854.021801	197.897704	-26702.895829
20		959		2.40		-500.925965	2851.046656	197.920751	-26722.026183
20		960		2.40		-500.925000	2848.077708	197.950000	-26743.168906
20		961		2.40		-500.953174	2845.876059	197.993757	-26769.045806
20		962		2.40		-500.931393	2843.373671	198.016632	-26788.071153
20		963		2.40		-500.888889	2842.158994	198.029076	-26803.661259
20		964		2.40		-500.879668	2839.292574	198.039419	-26818.543564
20		965		2.40		-500.849741	2837.213692	198.041451	-26830.681468
20		966		2.40		-500.848861	2834.277364	198.018634	-26834.651441
20		967		2.40		-500.823164	2831.984241	197.958635	-26826.409266
20		968		2.40		-500.768595	2831.938187	197.902893	-26819.539670
20		969		2.40		-500.697626	2833.891026	197.826625	-26805.921939
20		970		2.40		-500.618557	2837.027697	197.752577	-26793.011160
20		971		2.40		-500.572606	2836.154100	197.688980	-26783.502987
20		972		2.40		-500.551440	2833.671222	197.650206	-26782.102136
20		973		2.40		-500.464543	2838.098691	197.586845	-26772.626663
20		974		2.40		-500.447639	2835.462864	197.558522	-26774.602094
20		975		2.40		-500.443077	2832.574965	197.540513	-26779.932375
20		976		2.40		-500.463115	2830.064213	197.524590	-26785.923424
20		977		2.40		-500.503582	2828.765852	197.539406	-26801.962228
20		978		2.40		-500.507157	2825.885941	197.543967	-26814.622095
20		979		2.40		-500.465781	2824.673752	197.542390	-26825.250203
20		980		2.40		-500.436735	2822.617426	197.532653	-26833.182553
20		981		2.40		-500.419980	2820.015258	197.551478	-26850.458826
20		982		2.40		-500.472505	2819.850059	197.602851	-26878.395875
20		983		2.40		-500.520855	2819.277032	197.676501	-26913.637750
20		984		2.40		-500.601626	2822.825038	197.768293	-26954.840869
20		985		2.40		-500.670051	2824.566260	197.874112	-27000.665316
20		986		2.40		-500.754564	2828.736921	197.955375	-27038.425124
20		987		2.40		-500.765957	2825.998922	198.024316	-27072.131170
20		988		2.40		-500.813765	2825.394466	198.119433	-27114.461010
20		989		2.40		-500.845298	2823.520051	198.184024	-27146.735404
20		990		2.40		-500.844444	2820.668732	198.242424	-27176.964187
20		991		2.40		-500.799193	2819.849687	198.272452	-27197.822966
20		992		2.40		-500.822581	2817.549168	198.332661	-27228.633264
20		993		2.40		-500.845921	2815.252191	198.410876	-27265.388432
20		994		2.40		-500.889336	2814.291576	198.468813	-27295.441454
20		995		2.40		-500.896482	2811.513907	198.526633	-27325.450515
20		996		2.40		-500.943775	2810.916517	198.606426	-27362.727166
20		997		2.40		-500.978937	2809.328543	198.688064	-27400.618807
20		998		2.40		-501.018036	2808.037751	198.771543	-27439.124887
20		999		2.40		-501.057057	2806.746494	198.862863	-27480.237274
