#size		cycles		temp		<E>		<C_v>		<|M|>		<chi>
0	33
1	79
2	125
3	172
4	245
5	296
6	357
7	425
8	512
9	598
10	677
11	744
12	874
13	987
14	1082
15	1167
16	1232
17	1324
18	1404
19	1478
20	1558
21	1618
22	1677
23	1762
24	1815
25	1905
26	1979
27	2046
28	2117
29	2180
30	2251
31	2320
32	2379
33	2459
34	2571
35	2666
36	2753
37	2830
38	2915
39	2999
40	3076
41	3149
42	3246
43	3338
44	3434
45	3539
46	3659
47	3775
48	3888
49	4001
50	4104
51	4201
52	4271
53	4356
54	4432
55	4505
56	4576
57	4651
58	4721
59	4793
60	4895
61	4985
62	5089
63	5173
64	5253
65	5368
66	5479
67	5554
68	5653
69	5746
70	5844
71	5940
72	6035
73	6123
74	6224
75	6358
76	6491
77	6595
78	6672
79	6760
80	6861
81	6989
82	7112
83	7209
84	7321
85	7404
86	7483
87	7589
88	7651
89	7708
90	7775
91	7848
92	7910
93	7966
94	8044
95	8112
96	8170
97	8232
98	8315
99	8391
100	8480
101	8567
102	8637
103	8735
104	8825
105	8939
106	9027
107	9123
108	9215
109	9336
110	9432
111	9527
112	9609
113	9710
114	9815
115	9915
116	9998
117	10093
118	10198
119	10296
120	10379
121	10479
122	10575
123	10694
124	10807
125	10916
126	11039
127	11166
128	11261
129	11338
130	11419
131	11498
132	11571
133	11670
134	11756
135	11839
136	11904
137	11984
138	12058
139	12155
140	12276
141	12391
142	12504
143	12592
144	12663
145	12764
146	12850
147	12954
148	13068
149	13153
150	13269
151	13370
152	13468
153	13578
154	13706
155	13825
156	13967
157	14119
158	14269
159	14396
160	14504
161	14586
162	14660
163	14750
164	14855
165	14961
166	15061
167	15146
168	15251
169	15352
170	15429
171	15504
172	15576
173	15658
174	15744
175	15821
176	15921
177	16011
178	16103
179	16191
180	16285
181	16385
182	16468
183	16527
184	16592
185	16661
186	16742
187	16800
188	16852
189	16916
190	16980
191	17040
192	17116
193	17195
194	17267
195	17334
196	17423
197	17545
198	17655
199	17745
200	17829
201	17906
202	17987
203	18044
204	18124
205	18207
206	18289
207	18372
208	18479
209	18554
210	18627
211	18701
212	18758
213	18819
214	18905
215	18989
216	19055
217	19144
218	19231
219	19303
220	19385
221	19473
222	19550
223	19644
224	19723
225	19814
226	19894
227	19988
228	20076
229	20161
230	20240
231	20306
232	20402
233	20487
234	20590
235	20707
236	20800
237	20898
238	21003
239	21094
240	21176
241	21241
242	21323
243	21416
244	21506
245	21589
246	21683
247	21793
248	21882
249	21982
250	22076
251	22150
252	22220
253	22314
254	22381
255	22464
256	22533
257	22607
258	22664
259	22734
260	22782
261	22827
262	22900
263	22967
264	23056
265	23132
266	23211
267	23293
268	23373
269	23459
270	23568
271	23667
272	23744
273	23821
274	23903
275	23984
276	24074
277	24156
278	24261
279	24369
280	24484
281	24592
282	24737
283	24860
284	25008
285	25125
286	25229
287	25321
288	25412
289	25541
290	25654
291	25789
292	25926
293	26044
294	26168
295	26275
296	26400
297	26535
298	26634
299	26755
300	26864
301	26982
302	27107
303	27225
304	27343
305	27479
306	27608
307	27734
308	27858
309	27961
310	28084
311	28196
312	28316
313	28438
314	28563
315	28681
316	28795
317	28891
318	28997
319	29079
320	29182
321	29292
322	29417
323	29539
324	29649
325	29751
326	29883
327	29988
328	30095
329	30203
330	30326
331	30465
332	30575
333	30678
334	30820
335	30950
336	31096
337	31220
338	31361
339	31455
340	31562
341	31671
342	31776
343	31878
344	31984
345	32085
346	32197
347	32284
348	32386
349	32520
350	32646
351	32763
352	32892
353	32997
354	33134
355	33285
356	33418
357	33556
358	33692
359	33820
360	33934
361	34043
362	34130
363	34228
364	34317
365	34411
366	34500
367	34589
368	34680
369	34769
370	34849
371	34914
372	34984
373	35073
374	35149
375	35233
376	35320
377	35399
378	35472
379	35548
380	35611
381	35696
382	35777
383	35891
384	35978
385	36086
386	36203
387	36318
388	36426
389	36528
390	36630
391	36723
392	36827
393	36914
394	37029
395	37103
396	37196
397	37287
398	37389
399	37493
400	37591
401	37718
402	37824
403	37928
404	38017
405	38091
406	38165
407	38259
408	38352
409	38459
410	38565
411	38657
412	38755
413	38845
414	38918
415	38998
416	39077
417	39173
418	39272
419	39363
420	39443
421	39548
422	39677
423	39782
424	39893
425	40000
426	40085
427	40179
428	40273
429	40344
430	40417
431	40485
432	40572
433	40655
434	40767
435	40856
436	40947
437	41049
438	41141
439	41222
440	41303
441	41401
442	41502
443	41616
444	41711
445	41806
446	41889
447	41991
448	42071
449	42160
450	42239
451	42329
452	42402
453	42470
454	42563
455	42669
456	42769
457	42863
458	42967
459	43056
460	43169
461	43266
462	43374
463	43478
464	43562
465	43672
466	43774
467	43870
468	43965
469	44076
470	44176
471	44275
472	44391
473	44527
474	44668
475	44811
476	44926
477	45057
478	45187
479	45306
480	45442
481	45584
482	45706
483	45834
484	45983
485	46101
486	46219
487	46356
488	46471
489	46587
490	46721
491	46864
492	47018
493	47165
494	47310
495	47444
496	47564
497	47685
498	47789
499	47892
500	47983
501	48072
502	48178
503	48286
504	48385
505	48500
506	48616
507	48728
508	48840
509	48959
510	49070
511	49167
512	49279
513	49378
514	49499
515	49620
516	49744
517	49870
518	50002
519	50117
520	50214
521	50333
522	50433
523	50535
524	50629
525	50722
526	50810
527	50896
528	51007
529	51093
530	51200
531	51317
532	51419
533	51551
534	51686
535	51822
536	51973
537	52118
538	52233
539	52339
540	52439
541	52531
542	52618
543	52715
544	52802
545	52902
546	53009
547	53117
548	53222
549	53334
550	53450
551	53567
552	53700
553	53820
554	53927
555	54051
556	54192
557	54327
558	54442
559	54565
560	54680
561	54781
562	54892
563	54998
564	55125
565	55250
566	55396
567	55538
568	55662
569	55774
570	55902
571	56015
572	56130
573	56235
574	56331
575	56443
576	56568
577	56685
578	56812
579	56937
580	57055
581	57190
582	57296
583	57421
584	57537
585	57668
586	57769
587	57859
588	57962
589	58077
590	58183
591	58307
592	58450
593	58602
594	58738
595	58891
596	59029
597	59134
598	59255
599	59368
600	59520
601	59668
602	59805
603	59947
604	60109
605	60233
606	60359
607	60478
608	60608
609	60740
610	60876
611	61018
612	61155
613	61292
614	61422
615	61558
616	61699
617	61850
618	61979
619	62116
620	62249
621	62382
622	62519
623	62658
624	62780
625	62933
626	63091
627	63229
628	63391
629	63514
630	63656
631	63820
632	63950
633	64090
634	64229
635	64344
636	64475
637	64631
638	64805
639	64958
640	65069
641	65201
642	65331
643	65458
644	65581
645	65708
646	65841
647	65952
648	66067
649	66182
650	66318
651	66426
652	66542
653	66652
654	66768
655	66895
656	67005
657	67109
658	67213
659	67299
660	67409
661	67536
662	67664
663	67778
664	67907
665	68053
666	68195
667	68332
668	68478
669	68604
670	68721
671	68863
672	68994
673	69153
674	69294
675	69444
676	69570
677	69691
678	69802
679	69941
680	70071
681	70216
682	70359
683	70481
684	70603
685	70725
686	70848
687	70984
688	71126
689	71256
690	71418
691	71542
692	71657
693	71777
694	71897
695	72017
696	72148
697	72266
698	72366
699	72501
700	72622
701	72737
702	72862
703	72990
704	73121
705	73259
706	73380
707	73490
708	73639
709	73795
710	73943
711	74103
712	74253
713	74402
714	74534
715	74680
716	74829
717	74966
718	75097
719	75214
720	75329
721	75448
722	75562
723	75665
724	75797
725	75930
726	76066
727	76213
728	76340
729	76459
730	76591
731	76714
732	76815
733	76928
734	77050
735	77188
736	77324
737	77429
738	77562
739	77705
740	77855
741	78002
742	78149
743	78279
744	78400
745	78533
746	78671
747	78794
748	78941
749	79088
750	79231
751	79378
752	79507
753	79635
754	79759
755	79884
756	80034
757	80165
758	80278
759	80403
760	80500
761	80584
762	80696
763	80806
764	80925
765	81034
766	81161
767	81273
768	81384
769	81473
770	81571
771	81699
772	81827
773	81957
774	82067
775	82193
776	82329
777	82483
778	82601
779	82730
780	82864
781	82996
782	83106
783	83211
784	83334
785	83446
786	83559
787	83676
788	83779
789	83879
790	84001
791	84134
792	84261
793	84400
794	84500
795	84595
796	84729
797	84853
798	84990
799	85112
800	85232
801	85357
802	85489
803	85621
804	85729
805	85854
806	85973
807	86096
808	86230
809	86372
810	86514
811	86648
812	86770
813	86923
814	87049
815	87159
816	87283
817	87404
818	87528
819	87652
820	87758
821	87856
822	87956
823	88055
824	88162
825	88268
826	88372
827	88476
828	88567
829	88659
830	88744
831	88851
832	88928
833	89009
834	89111
835	89235
836	89340
837	89432
838	89552
839	89660
840	89742
841	89831
842	89943
843	90072
844	90214
845	90346
846	90474
847	90614
848	90765
849	90926
850	91077
851	91231
852	91347
853	91460
854	91588
855	91691
856	91820
857	91948
858	92100
859	92249
860	92374
861	92515
862	92658
863	92761
864	92862
865	92972
866	93083
867	93203
868	93337
869	93465
870	93620
871	93744
872	93854
873	93970
874	94082
875	94199
876	94321
877	94444
878	94572
879	94693
880	94818
881	94921
882	95052
883	95189
884	95292
885	95403
886	95542
887	95645
888	95744
889	95864
890	95982
891	96102
892	96230
893	96360
894	96483
895	96596
896	96727
897	96855
898	96966
899	97088
900	97200
901	97326
902	97428
903	97536
904	97664
905	97772
906	97890
907	98031
908	98153
909	98246
910	98341
911	98447
912	98560
913	98647
914	98755
915	98844
916	98967
917	99086
918	99210
919	99303
920	99417
921	99523
922	99641
923	99752
924	99849
925	99942
926	100046
927	100145
928	100234
929	100334
930	100455
931	100562
932	100662
933	100782
934	100905
935	101020
936	101112
937	101206
938	101286
939	101390
940	101471
941	101577
942	101700
943	101816
944	101917
945	102034
946	102154
947	102261
948	102361
949	102472
950	102593
951	102728
952	102858
953	102981
954	103100
955	103223
956	103323
957	103435
958	103546
959	103669
960	103773
961	103904
962	104011
963	104100
964	104206
965	104307
966	104433
967	104581
968	104705
969	104842
970	104973
971	105114
972	105235
973	105352
974	105466
975	105595
976	105729
977	105853
978	105999
979	106144
980	106288
981	106403
982	106515
983	106616
984	106730
985	106854
986	106990
987	107105
988	107192
989	107297
990	107397
991	107492
992	107615
993	107742
994	107854
995	107949
996	108047
997	108153
998	108254
999	108350
