#size		cycles		temp		<E>		<C_v>		<|M|>		<chi>
0	258
1	440
2	618
3	781
4	925
5	1056
6	1207
7	1339
8	1440
9	1567
10	1716
11	1880
12	2009
13	2145
14	2262
15	2381
16	2536
17	2681
18	2838
19	2990
20	3125
21	3274
22	3427
23	3581
24	3744
25	3869
26	4008
27	4169
28	4310
29	4461
30	4595
31	4729
32	4864
33	4979
34	5099
35	5224
36	5343
37	5453
38	5604
39	5730
40	5852
41	5947
42	6056
43	6157
44	6291
45	6401
46	6497
47	6599
48	6683
49	6778
50	6906
51	7032
52	7147
53	7247
54	7351
55	7438
56	7521
57	7604
58	7701
59	7774
60	7855
61	7941
62	8024
63	8102
64	8195
65	8293
66	8392
67	8461
68	8531
69	8608
70	8670
71	8748
72	8836
73	8924
74	9018
75	9116
76	9212
77	9309
78	9399
79	9499
80	9606
81	9690
82	9775
83	9873
84	9951
85	10025
86	10115
87	10193
88	10261
89	10341
90	10392
91	10451
92	10513
93	10578
94	10648
95	10749
96	10840
97	10927
98	11011
99	11124
100	11242
101	11350
102	11475
103	11593
104	11724
105	11826
106	11940
107	12049
108	12149
109	12250
110	12335
111	12413
112	12506
113	12606
114	12717
115	12820
116	12925
117	13040
118	13156
119	13247
120	13325
121	13401
122	13477
123	13571
124	13678
125	13780
126	13892
127	14002
128	14099
129	14201
130	14292
131	14416
132	14511
133	14614
134	14691
135	14766
136	14879
137	14972
138	15066
139	15167
140	15250
141	15324
142	15411
143	15495
144	15581
145	15660
146	15727
147	15790
148	15885
149	15965
150	16031
151	16099
152	16175
153	16241
154	16305
155	16387
156	16468
157	16557
158	16639
159	16726
160	16836
161	16936
162	17043
163	17152
164	17264
165	17396
166	17518
167	17640
168	17761
169	17882
170	18008
171	18120
172	18222
173	18302
174	18398
175	18500
176	18608
177	18714
178	18815
179	18946
180	19066
181	19167
182	19284
183	19397
184	19521
185	19637
186	19749
187	19870
188	19977
189	20084
190	20207
191	20328
192	20444
193	20586
194	20734
195	20888
196	21034
197	21160
198	21274
199	21392
200	21513
201	21624
202	21745
203	21861
204	21972
205	22078
206	22189
207	22318
208	22454
209	22585
210	22679
211	22797
212	22895
213	22987
214	23104
215	23224
216	23328
217	23430
218	23524
219	23626
220	23723
221	23809
222	23915
223	24006
224	24109
225	24219
226	24353
227	24451
228	24553
229	24649
230	24753
231	24846
232	24943
233	25053
234	25156
235	25280
236	25405
237	25553
238	25692
239	25809
240	25917
241	26024
242	26136
243	26243
244	26374
245	26517
246	26649
247	26815
248	26937
249	27063
250	27186
251	27324
252	27433
253	27559
254	27692
255	27830
256	27966
257	28107
258	28214
259	28315
260	28425
261	28542
262	28676
263	28776
264	28871
265	28978
266	29084
267	29201
268	29330
269	29428
270	29524
271	29608
272	29714
273	29820
274	29947
275	30066
276	30192
277	30333
278	30453
279	30577
280	30699
281	30831
282	30989
283	31143
284	31271
285	31394
286	31533
287	31657
288	31777
289	31889
290	32027
291	32139
292	32258
293	32351
294	32458
295	32563
296	32678
297	32787
298	32889
299	32997
300	33104
301	33206
302	33314
303	33418
304	33535
305	33679
306	33802
307	33916
308	34017
309	34129
310	34225
311	34340
312	34458
313	34560
314	34655
315	34769
316	34888
317	34981
318	35092
319	35188
320	35282
321	35383
322	35495
323	35589
324	35699
325	35799
326	35901
327	36021
328	36140
329	36265
330	36407
331	36527
332	36661
333	36777
334	36920
335	37055
336	37202
337	37329
338	37435
339	37554
340	37676
341	37764
342	37841
343	37933
344	38033
345	38109
346	38177
347	38241
348	38299
349	38356
350	38410
351	38466
352	38535
353	38592
354	38681
355	38764
356	38840
357	38914
358	38983
359	39046
360	39122
361	39196
362	39284
363	39361
364	39443
365	39510
366	39586
367	39658
368	39732
369	39791
370	39858
371	39925
372	39992
373	40067
374	40169
375	40267
376	40342
377	40425
378	40534
379	40645
380	40754
381	40844
382	40939
383	41024
384	41104
385	41184
386	41273
387	41359
388	41433
389	41491
390	41572
391	41651
392	41732
393	41807
394	41914
395	41994
396	42077
397	42177
398	42269
399	42359
400	42459
401	42531
402	42618
403	42692
404	42778
405	42877
406	42972
407	43074
408	43203
409	43304
410	43403
411	43497
412	43594
413	43703
414	43795
415	43879
416	43973
417	44059
418	44155
419	44261
420	44369
421	44492
422	44624
423	44750
424	44879
425	45008
426	45140
427	45259
428	45356
429	45461
430	45563
431	45664
432	45775
433	45861
434	45963
435	46087
436	46184
437	46298
438	46419
439	46533
440	46641
441	46771
442	46886
443	46998
444	47118
445	47217
446	47326
447	47425
448	47532
449	47624
450	47730
451	47833
452	47928
453	48020
454	48114
455	48253
456	48371
457	48488
458	48602
459	48666
460	48742
461	48815
462	48896
463	48987
464	49049
465	49137
466	49226
467	49330
468	49431
469	49504
470	49573
471	49646
472	49724
473	49789
474	49849
475	49906
476	49955
477	50028
478	50078
479	50126
480	50187
481	50238
482	50298
483	50372
484	50449
485	50522
486	50591
487	50671
488	50732
489	50785
490	50842
491	50895
492	50957
493	51030
494	51108
495	51183
496	51269
497	51362
498	51436
499	51518
500	51597
501	51690
502	51783
503	51888
504	51971
505	52046
506	52122
507	52180
508	52236
509	52304
510	52383
511	52478
512	52560
513	52644
514	52726
515	52808
516	52890
517	52955
518	53034
519	53098
520	53179
521	53236
522	53278
523	53337
524	53407
525	53476
526	53538
527	53595
528	53662
529	53739
530	53813
531	53881
532	53962
533	54033
534	54123
535	54241
536	54361
537	54462
538	54551
539	54635
540	54740
541	54857
542	54955
543	55060
544	55174
545	55296
546	55383
547	55491
548	55584
549	55665
550	55764
551	55872
552	55991
553	56099
554	56196
555	56295
556	56404
557	56514
558	56625
559	56707
560	56782
561	56876
562	57010
563	57132
564	57239
565	57332
566	57442
567	57549
568	57655
569	57745
570	57842
571	57948
572	58041
573	58162
574	58277
575	58366
576	58461
577	58565
578	58677
579	58775
580	58868
581	58953
582	59038
583	59122
584	59208
585	59289
586	59380
587	59474
588	59573
589	59659
590	59749
591	59820
592	59878
593	59950
594	60026
595	60090
596	60154
597	60220
598	60317
599	60397
600	60484
601	60569
602	60655
603	60728
604	60799
605	60869
606	60948
607	61026
608	61095
609	61170
610	61253
611	61326
612	61419
613	61503
614	61569
615	61670
616	61770
617	61838
618	61883
619	61954
620	62045
621	62118
622	62175
623	62236
624	62324
625	62406
626	62500
627	62593
628	62667
629	62749
630	62828
631	62887
632	62949
633	63010
634	63062
635	63121
636	63180
637	63243
638	63319
639	63425
640	63517
641	63611
642	63708
643	63803
644	63888
645	63977
646	64078
647	64180
648	64263
649	64349
650	64449
651	64550
652	64658
653	64778
654	64889
655	64989
656	65094
657	65182
658	65268
659	65367
660	65458
661	65542
662	65623
663	65690
664	65784
665	65886
666	66002
667	66086
668	66190
669	66287
670	66392
671	66473
672	66567
673	66663
674	66747
675	66838
676	66933
677	67026
678	67120
679	67205
680	67282
681	67368
682	67452
683	67548
684	67653
685	67748
686	67827
687	67911
688	67996
689	68094
690	68187
691	68284
692	68397
693	68502
694	68619
695	68693
696	68766
697	68840
698	68916
699	69003
700	69119
701	69210
702	69296
703	69385
704	69477
705	69591
706	69690
707	69770
708	69847
709	69950
710	70061
711	70142
712	70218
713	70268
714	70344
715	70398
716	70480
717	70556
718	70647
719	70746
720	70848
721	70975
722	71084
723	71186
724	71288
725	71391
726	71478
727	71561
728	71647
729	71729
730	71820
731	71903
732	72007
733	72107
734	72184
735	72262
736	72331
737	72405
738	72472
739	72573
740	72690
741	72813
742	72928
743	73015
744	73109
745	73206
746	73311
747	73399
748	73492
749	73604
750	73700
751	73781
752	73851
753	73941
754	74017
755	74123
756	74228
757	74323
758	74413
759	74485
760	74560
761	74671
762	74781
763	74904
764	75001
765	75087
766	75173
767	75265
768	75366
769	75449
770	75514
771	75578
772	75664
773	75741
774	75844
775	75928
776	76012
777	76107
778	76184
779	76259
780	76335
781	76422
782	76510
783	76578
784	76652
785	76747
786	76852
787	76960
788	77069
789	77149
790	77256
791	77351
792	77438
793	77517
794	77597
795	77681
796	77787
797	77884
798	77995
799	78089
800	78160
801	78239
802	78305
803	78359
804	78423
805	78502
806	78573
807	78628
808	78709
809	78815
810	78922
811	79036
812	79154
813	79244
814	79343
815	79441
816	79552
817	79687
818	79801
819	79905
820	79994
821	80089
822	80177
823	80277
824	80369
825	80498
826	80611
827	80720
828	80819
829	80907
830	80989
831	81075
832	81199
833	81341
834	81461
835	81591
836	81692
837	81787
838	81888
839	81980
840	82083
841	82195
842	82312
843	82421
844	82538
845	82639
846	82731
847	82825
848	82918
849	83009
850	83116
851	83232
852	83341
853	83458
854	83569
855	83673
856	83786
857	83903
858	84019
859	84122
860	84231
861	84331
862	84431
863	84558
864	84704
865	84854
866	84986
867	85112
868	85234
869	85357
870	85447
871	85550
872	85675
873	85775
874	85874
875	85965
876	86065
877	86159
878	86250
879	86354
880	86451
881	86542
882	86634
883	86741
884	86864
885	86996
886	87110
887	87230
888	87336
889	87428
890	87525
891	87611
892	87699
893	87798
894	87896
895	87985
896	88107
897	88197
898	88270
899	88365
900	88478
901	88573
902	88669
903	88754
904	88835
905	88893
906	88961
907	89038
908	89097
909	89150
910	89206
911	89278
912	89357
913	89420
914	89479
915	89534
916	89590
917	89660
918	89717
919	89783
920	89845
921	89922
922	89976
923	90033
924	90106
925	90205
926	90305
927	90401
928	90506
929	90618
930	90739
931	90857
932	90974
933	91072
934	91184
935	91289
936	91390
937	91490
938	91586
939	91664
940	91748
941	91848
942	91943
943	92041
944	92134
945	92219
946	92320
947	92422
948	92539
949	92658
950	92775
951	92885
952	92993
953	93100
954	93183
955	93256
956	93327
957	93383
958	93439
959	93494
960	93555
961	93645
962	93700
963	93765
964	93844
965	93941
966	94054
967	94142
968	94225
969	94311
970	94385
971	94471
972	94562
973	94643
974	94744
975	94824
976	94920
977	95016
978	95081
979	95141
980	95201
981	95263
982	95312
983	95358
984	95406
985	95453
986	95492
987	95556
988	95625
989	95688
990	95752
991	95819
992	95882
993	95949
994	96031
995	96123
996	96223
997	96316
998	96403
999	96482
